trial,epoch,frozen,train_accuracy,val_accuracy,layer_0_train_separability,layer_0_test_separability,layer_1_train_separability,layer_1_test_separability,layer_2_train_separability,layer_2_test_separability,layer_3_train_separability,layer_3_test_separability,layer_4_train_separability,layer_4_test_separability,layer_5_train_separability,layer_5_test_separability
0,0,True,0.0996600016951561,0.10000000149011612,0.4014,0.3904,0.42446,0.4012,0.38016,0.3795,0.3734,0.3677,0.39188,0.3718,0.35724,0.3494
0,1,True,0.31317999958992004,0.38510000705718994,0.38706,0.3864,0.44702,0.438,0.41002,0.4094,0.41736,0.4131,0.43322,0.4214,0.4127,0.4122
0,2,True,0.383760005235672,0.3894999921321869,0.40694,0.4075,0.4679,0.4576,0.4366,0.437,0.44538,0.4385,0.45894,0.4459,0.44034,0.4395
0,3,True,0.41659998893737793,0.42820000648498535,0.41866,0.4143,0.4821,0.467,0.45658,0.4441,0.46938,0.4589,0.48238,0.4635,0.46596,0.4575
0,4,True,0.4389599859714508,0.4577000141143799,0.42484,0.4236,0.48644,0.4713,0.46864,0.4588,0.48418,0.4723,0.49784,0.4761,0.48426,0.4728
0,5,True,0.45576000213623047,0.4546999931335449,0.42556,0.4196,0.49218,0.476,0.47748,0.4606,0.49344,0.4799,0.50758,0.4815,0.49218,0.479
0,6,True,0.4685400128364563,0.4634000062942505,0.42856,0.4136,0.49672,0.4791,0.47928,0.4635,0.50188,0.4878,0.51462,0.49,0.4992,0.4821
0,7,True,0.47703999280929565,0.46799999475479126,0.43588,0.4256,0.50318,0.476,0.48642,0.4705,0.50962,0.486,0.52252,0.4915,0.50806,0.4821
0,8,True,0.48754000663757324,0.4699999988079071,0.43862,0.4327,0.5053,0.4787,0.49298,0.4709,0.52102,0.4937,0.53228,0.5013,0.519,0.4915
0,9,True,0.49592000246047974,0.47440001368522644,0.43716,0.4273,0.5061,0.4829,0.4982,0.477,0.52298,0.497,0.53632,0.5022,0.52094,0.4889
0,10,True,0.5065400004386902,0.46309998631477356,0.44052,0.4296,0.51088,0.4811,0.49892,0.4762,0.5305,0.4999,0.5417,0.5057,0.53116,0.4989
0,11,True,0.5127400159835815,0.4706999957561493,0.43938,0.4282,0.51126,0.4824,0.49916,0.4722,0.52782,0.4973,0.54238,0.4968,0.5259,0.4858
0,12,True,0.5204799771308899,0.477400004863739,0.4424,0.4292,0.51264,0.4865,0.51144,0.4794,0.54126,0.5057,0.55688,0.5062,0.54612,0.5014
0,13,True,0.5249999761581421,0.46799999475479126,0.44208,0.426,0.51618,0.4832,0.51008,0.4812,0.54272,0.5044,0.5578,0.511,0.54378,0.4987
0,14,True,0.5357800126075745,0.49619999527931213,0.44296,0.4274,0.51634,0.4881,0.5135,0.4818,0.54916,0.5084,0.5669,0.5116,0.55826,0.5071
0,15,True,0.5399399995803833,0.4916999936103821,0.446,0.4312,0.51756,0.4871,0.5166,0.4851,0.55436,0.5058,0.57144,0.509,0.5622,0.5018
0,16,True,0.5494999885559082,0.4991999864578247,0.44324,0.4296,0.5183,0.4828,0.5159,0.4853,0.5588,0.5108,0.57558,0.513,0.5685,0.5035
0,17,True,0.5558000206947327,0.4885999858379364,0.44558,0.4306,0.51726,0.4863,0.5182,0.4885,0.55976,0.5054,0.5783,0.5146,0.57476,0.5067
0,18,True,0.5582799911499023,0.5033000111579895,0.44424,0.4283,0.52216,0.4884,0.5218,0.4905,0.56434,0.5133,0.58412,0.5145,0.58016,0.5094
0,19,True,0.565779983997345,0.4966000020503998,0.44636,0.4329,0.52156,0.4858,0.52516,0.4859,0.5664,0.5071,0.58606,0.5115,0.5831,0.5041
0,20,True,0.5704200267791748,0.501800000667572,0.44722,0.4328,0.52234,0.49,0.52588,0.4952,0.57132,0.5126,0.58946,0.5163,0.58876,0.5052
0,21,True,0.5782600045204163,0.4943000078201294,0.44768,0.4305,0.52408,0.4919,0.5263,0.4942,0.57428,0.5093,0.59396,0.5114,0.59194,0.5059
0,22,True,0.5859799981117249,0.5026000142097473,0.44584,0.4292,0.52368,0.4893,0.52758,0.4873,0.57758,0.5099,0.59734,0.5126,0.59976,0.5051
0,23,True,0.5904800295829773,0.5072000026702881,0.44658,0.4302,0.52482,0.4882,0.5304,0.4943,0.5804,0.5133,0.6006,0.5141,0.60574,0.5098
0,24,True,0.5963199734687805,0.4961000084877014,0.44654,0.4288,0.52514,0.4863,0.52716,0.4871,0.58204,0.5104,0.60298,0.5164,0.6036,0.5
0,25,True,0.6022999882698059,0.49950000643730164,0.44564,0.4294,0.52524,0.489,0.53176,0.4934,0.58256,0.5066,0.60746,0.5158,0.61472,0.5065
0,26,True,0.6061800122261047,0.49570000171661377,0.44572,0.4302,0.526,0.4893,0.53084,0.4925,0.58466,0.5108,0.60758,0.5112,0.6099,0.4989
0,27,True,0.6142600178718567,0.5066999793052673,0.44794,0.4298,0.52684,0.4896,0.53328,0.4923,0.5865,0.5131,0.61128,0.5142,0.62184,0.5059
0,28,True,0.6241000294685364,0.49889999628067017,0.44778,0.4299,0.52724,0.4916,0.53202,0.4891,0.58512,0.5123,0.60972,0.5144,0.61768,0.5089
0,29,True,0.6250600218772888,0.48989999294281006,0.44852,0.4319,0.52686,0.4913,0.53356,0.4923,0.5854,0.5078,0.6091,0.5104,0.61458,0.5005
0,30,True,0.6279199719429016,0.498199999332428,0.44628,0.4303,0.52554,0.4873,0.5326,0.4912,0.588,0.5105,0.61132,0.5118,0.61982,0.5013
0,31,True,0.6363400220870972,0.5008000135421753,0.44838,0.4291,0.52544,0.4871,0.5334,0.4922,0.59072,0.5073,0.61524,0.5117,0.62804,0.4976
0,32,True,0.6426799893379211,0.49939998984336853,0.44962,0.4314,0.52866,0.4869,0.53754,0.4911,0.5955,0.5113,0.62602,0.5187,0.6435,0.5064
0,33,True,0.6509600281715393,0.5006999969482422,0.44686,0.4306,0.52746,0.491,0.53454,0.4901,0.59716,0.5073,0.62202,0.5123,0.6376,0.4956
0,34,True,0.6499800086021423,0.4893999993801117,0.44676,0.4295,0.52592,0.4878,0.53396,0.4914,0.5892,0.5083,0.61296,0.5126,0.61826,0.4972
0,35,True,0.6585800051689148,0.5008999705314636,0.44626,0.4317,0.52696,0.4884,0.53508,0.4924,0.59318,0.511,0.62212,0.5171,0.63624,0.5048
0,36,True,0.6649399995803833,0.49300000071525574,0.44852,0.4303,0.52798,0.4878,0.53664,0.4922,0.60018,0.5115,0.63118,0.5148,0.65298,0.4943
0,37,True,0.6694200038909912,0.49480000138282776,0.44808,0.4314,0.52896,0.4879,0.53882,0.494,0.59464,0.5065,0.6245,0.5144,0.64304,0.4973
0,38,True,0.6765999794006348,0.487199991941452,0.4479,0.4323,0.52716,0.4884,0.53494,0.4883,0.59706,0.5104,0.62954,0.5158,0.6482,0.4942
0,39,True,0.6776000261306763,0.4844000041484833,0.44776,0.4302,0.5288,0.4853,0.53776,0.4893,0.60008,0.5091,0.62974,0.5117,0.65106,0.4913
0,40,True,0.6809399724006653,0.4982999861240387,0.44856,0.4312,0.52892,0.4895,0.53914,0.4912,0.6044,0.514,0.6354,0.5171,0.66042,0.4983
0,41,True,0.689520001411438,0.486299991607666,0.44978,0.4351,0.52708,0.489,0.53746,0.4902,0.59762,0.5071,0.63024,0.5108,0.64732,0.4919
0,42,True,0.6934400200843811,0.49380001425743103,0.44766,0.4318,0.5274,0.4864,0.53656,0.4911,0.6,0.5074,0.63048,0.516,0.6558,0.4949
0,43,True,0.6955599784851074,0.4909000098705292,0.44782,0.4308,0.52734,0.489,0.53614,0.4893,0.60178,0.5082,0.63512,0.5141,0.6589,0.4939
0,44,True,0.7025200128555298,0.48969998955726624,0.4475,0.429,0.52712,0.488,0.53666,0.4877,0.60658,0.5069,0.6408,0.5097,0.66886,0.493
0,45,True,0.7065799832344055,0.49000000953674316,0.4484,0.4326,0.52694,0.4908,0.53694,0.4885,0.60634,0.5062,0.63922,0.5131,0.6707,0.4907
0,46,True,0.7101200222969055,0.487199991941452,0.4488,0.4328,0.52906,0.4869,0.53688,0.4914,0.6064,0.5095,0.64016,0.5136,0.67208,0.4918
0,47,True,0.7139400243759155,0.4779999852180481,0.44908,0.4333,0.52786,0.4874,0.53846,0.4923,0.60258,0.5082,0.63646,0.5111,0.66172,0.4885
0,48,True,0.7210999727249146,0.48559999465942383,0.4484,0.4332,0.52888,0.4867,0.53852,0.4919,0.6038,0.5087,0.6409,0.5144,0.67404,0.491
0,49,True,0.7249000072479248,0.4828999936580658,0.44722,0.4315,0.52688,0.487,0.53532,0.4863,0.6009,0.5084,0.63146,0.511,0.66124,0.486
0,50,True,0.727940022945404,0.48919999599456787,0.4469,0.4308,0.52898,0.4849,0.5362,0.4886,0.60634,0.5066,0.6433,0.5115,0.68076,0.489
0,51,True,0.7353799939155579,0.46860000491142273,0.4469,0.4314,0.52802,0.4878,0.53612,0.4911,0.59862,0.5049,0.63014,0.5131,0.65424,0.4827
0,52,True,0.7375800013542175,0.487199991941452,0.44928,0.4306,0.52902,0.487,0.53786,0.4911,0.60896,0.5073,0.64484,0.5111,0.68404,0.4914
0,53,True,0.7401599884033203,0.4765999913215637,0.44968,0.4331,0.52942,0.4863,0.53856,0.4903,0.6063,0.5034,0.64158,0.5103,0.67716,0.4868
0,54,True,0.7495800256729126,0.46630001068115234,0.44876,0.4328,0.52788,0.4859,0.53412,0.4842,0.60052,0.5037,0.63618,0.5045,0.66588,0.481
0,55,True,0.7478399872779846,0.4722999930381775,0.4488,0.4325,0.52928,0.4884,0.53798,0.4878,0.60756,0.5047,0.64212,0.5068,0.67934,0.483
0,56,True,0.7508800029754639,0.48010000586509705,0.44826,0.433,0.52764,0.4873,0.53612,0.4889,0.6046,0.5075,0.63784,0.5109,0.67566,0.4832
0,57,True,0.7566400170326233,0.47749999165534973,0.44964,0.431,0.5281,0.4861,0.53512,0.4876,0.6047,0.5068,0.63936,0.5129,0.67986,0.4882
0,58,True,0.7594799995422363,0.48260000348091125,0.44748,0.4339,0.52856,0.4857,0.53616,0.4909,0.60872,0.506,0.6466,0.5115,0.6882,0.487
0,59,True,0.7596399784088135,0.4747999906539917,0.44692,0.4302,0.52742,0.4878,0.53614,0.4898,0.60934,0.5056,0.64644,0.5099,0.69536,0.4827
0,60,True,0.7657999992370605,0.47929999232292175,0.44772,0.4319,0.52908,0.4865,0.5358,0.4893,0.6078,0.5049,0.6444,0.5115,0.69008,0.4826
0,61,True,0.7691199779510498,0.4706000089645386,0.4475,0.4317,0.5271,0.4858,0.53658,0.4896,0.60504,0.5038,0.64068,0.5093,0.68156,0.4754
0,62,True,0.7764999866485596,0.4912000000476837,0.44812,0.4342,0.529,0.4853,0.53802,0.4915,0.61262,0.5039,0.6513,0.5103,0.71074,0.4854
0,63,True,0.7775400280952454,0.4787999987602234,0.44734,0.4334,0.52656,0.486,0.53778,0.4919,0.61196,0.5051,0.65054,0.5113,0.70372,0.4825
0,64,True,0.7806800007820129,0.47920000553131104,0.4475,0.4323,0.52764,0.4847,0.53724,0.4873,0.61436,0.5078,0.652,0.5063,0.7084,0.4779
0,65,True,0.7764400243759155,0.4726000130176544,0.44778,0.4345,0.52742,0.4888,0.53656,0.4921,0.60972,0.5061,0.64478,0.5099,0.69132,0.4791
0,66,True,0.7847800254821777,0.4733999967575073,0.4482,0.4318,0.52866,0.4886,0.5373,0.4882,0.614,0.4992,0.65184,0.5099,0.70928,0.482
0,67,True,0.7863600254058838,0.47380000352859497,0.44818,0.4334,0.52846,0.485,0.53734,0.4876,0.61362,0.5023,0.65192,0.5072,0.71076,0.4809
0,68,True,0.7889599800109863,0.48249998688697815,0.44776,0.4321,0.52882,0.4892,0.53912,0.4919,0.61404,0.5026,0.65412,0.5095,0.70914,0.4835
0,69,True,0.7882800102233887,0.46880000829696655,0.4473,0.4299,0.52866,0.4866,0.53436,0.4849,0.60374,0.5042,0.63936,0.5094,0.68166,0.4794
0,70,True,0.8012199997901917,0.47769999504089355,0.44702,0.4301,0.5277,0.4884,0.5356,0.4908,0.61314,0.5066,0.65466,0.5063,0.71552,0.4853
0,71,True,0.7982800006866455,0.46639999747276306,0.44712,0.4314,0.52904,0.486,0.53932,0.4888,0.6119,0.5054,0.65262,0.5082,0.71114,0.4786
0,72,True,0.8048200011253357,0.4708999991416931,0.44682,0.4302,0.528,0.4868,0.53802,0.4892,0.60928,0.5034,0.64894,0.5083,0.6998,0.475
0,73,True,0.805180013179779,0.4781999886035919,0.44846,0.4278,0.5288,0.4907,0.53692,0.4904,0.6096,0.5036,0.6503,0.5103,0.70872,0.4827
0,74,True,0.8024799823760986,0.4690000116825104,0.44684,0.4314,0.52864,0.4879,0.53688,0.4875,0.61286,0.5065,0.65102,0.5117,0.71328,0.4835
0,75,True,0.8122199773788452,0.47189998626708984,0.44804,0.4316,0.52708,0.487,0.53666,0.4906,0.61186,0.5089,0.651,0.5119,0.71328,0.483
0,76,True,0.8093199729919434,0.4767000079154968,0.44678,0.4304,0.52766,0.4853,0.53728,0.4906,0.6117,0.5068,0.65362,0.5116,0.71856,0.4846
0,77,True,0.807640016078949,0.4779999852180481,0.44668,0.432,0.5292,0.4846,0.53828,0.4897,0.61138,0.5015,0.65186,0.5099,0.71588,0.4821
0,78,True,0.8173199892044067,0.48019999265670776,0.44826,0.4308,0.52816,0.4879,0.53764,0.4884,0.61582,0.5044,0.65512,0.5104,0.72438,0.4825
0,79,True,0.8156999945640564,0.46459999680519104,0.44688,0.4315,0.52772,0.4866,0.53802,0.4875,0.60658,0.5003,0.6448,0.5065,0.69722,0.4779
0,80,True,0.8200399875640869,0.46070000529289246,0.44764,0.4278,0.5278,0.4842,0.53768,0.4881,0.60722,0.5004,0.6491,0.5086,0.70296,0.4743
0,81,True,0.823419988155365,0.4731000065803528,0.4468,0.43,0.52836,0.4854,0.53758,0.487,0.61232,0.5037,0.65134,0.5065,0.71894,0.4817
0,82,True,0.821619987487793,0.45739999413490295,0.4476,0.4306,0.52754,0.4872,0.53754,0.49,0.61146,0.5002,0.65104,0.5071,0.71324,0.476
0,83,True,0.8231800198554993,0.46380001306533813,0.448,0.4304,0.52788,0.4878,0.53576,0.4867,0.60964,0.5002,0.65226,0.5041,0.7163,0.4682
0,84,True,0.8228399753570557,0.47360000014305115,0.44726,0.4307,0.52808,0.4859,0.53788,0.4886,0.6152,0.5043,0.65788,0.5076,0.73214,0.4827
0,85,True,0.827459990978241,0.4697999954223633,0.44672,0.4308,0.52744,0.486,0.5386,0.4866,0.61448,0.5012,0.65828,0.5068,0.7295,0.4782
0,86,True,0.8303400278091431,0.4595000147819519,0.44686,0.4298,0.52808,0.488,0.53804,0.4888,0.61312,0.504,0.65246,0.5092,0.71704,0.4814
0,87,True,0.8341400027275085,0.4641000032424927,0.44822,0.4324,0.52826,0.4879,0.5366,0.4879,0.6149,0.502,0.65412,0.5067,0.72912,0.4794
0,88,True,0.8252599835395813,0.4767000079154968,0.44608,0.4304,0.52744,0.4874,0.5368,0.4866,0.61398,0.503,0.6556,0.5074,0.73024,0.4812
0,89,True,0.83433997631073,0.4674000144004822,0.44566,0.429,0.5278,0.487,0.5351,0.4885,0.61188,0.5029,0.65042,0.5025,0.71862,0.4759
0,90,True,0.8428199887275696,0.4641000032424927,0.448,0.4287,0.52808,0.4876,0.5371,0.487,0.61366,0.5031,0.65332,0.5032,0.72228,0.4751
0,91,True,0.8383399844169617,0.4715000092983246,0.44642,0.4297,0.52792,0.487,0.53796,0.4863,0.61308,0.5012,0.65488,0.5114,0.7268,0.4742
0,92,True,0.8402199745178223,0.4738999903202057,0.44636,0.4298,0.52726,0.4852,0.53648,0.4869,0.61528,0.501,0.65894,0.5091,0.7325,0.4773
0,93,True,0.8400200009346008,0.46709999442100525,0.44616,0.428,0.52732,0.4885,0.53684,0.4874,0.61128,0.5019,0.6508,0.5087,0.71892,0.475
0,94,True,0.8497999906539917,0.46790000796318054,0.44708,0.4301,0.52644,0.4843,0.5364,0.4851,0.616,0.5048,0.65868,0.5069,0.74578,0.4774
0,95,True,0.8382599949836731,0.46470001339912415,0.44668,0.431,0.52704,0.4872,0.53864,0.4879,0.61458,0.5012,0.65666,0.5068,0.73212,0.4719
0,96,True,0.8488399982452393,0.4738999903202057,0.44612,0.4295,0.52894,0.4873,0.53644,0.4904,0.6142,0.5043,0.65504,0.5076,0.73756,0.4742
0,97,True,0.8469600081443787,0.46799999475479126,0.44672,0.4307,0.5284,0.4868,0.53814,0.4877,0.6174,0.5032,0.66252,0.5051,0.75068,0.4686
0,98,True,0.8540800213813782,0.46790000796318054,0.44714,0.4282,0.52866,0.4867,0.53776,0.4897,0.61712,0.5023,0.66236,0.5103,0.75504,0.4782
0,99,True,0.8510599732398987,0.47099998593330383,0.44624,0.4296,0.52658,0.4868,0.53802,0.4868,0.61426,0.4995,0.65862,0.5074,0.7429,0.4736
0,100,True,0.8473399877548218,0.4674000144004822,0.44698,0.4315,0.52786,0.4857,0.53838,0.4891,0.61214,0.5034,0.65358,0.5091,0.72644,0.471
1,0,True,0.08760000020265579,0.094200000166893,0.40298,0.3901,0.42444,0.407,0.38084,0.374,0.36876,0.3558,0.38736,0.3689,0.35142,0.3396
1,1,True,0.3157399892807007,0.38510000705718994,0.3967,0.3963,0.44742,0.435,0.4109,0.4095,0.41656,0.4162,0.43356,0.4255,0.411,0.4087
1,2,True,0.3832800090312958,0.40209999680519104,0.4071,0.4094,0.46748,0.4575,0.43392,0.4318,0.44598,0.4399,0.4602,0.4499,0.43888,0.4405
1,3,True,0.4104999899864197,0.44350001215934753,0.41512,0.4194,0.4822,0.4671,0.4529,0.4471,0.46486,0.4585,0.48026,0.4595,0.46396,0.4546
1,4,True,0.43887999653816223,0.42879998683929443,0.42044,0.4188,0.48748,0.4685,0.46252,0.4526,0.47778,0.4648,0.4924,0.4707,0.47474,0.4628
1,5,True,0.44986000657081604,0.44749999046325684,0.42722,0.424,0.4941,0.4793,0.47402,0.4607,0.49198,0.4763,0.5072,0.4817,0.4927,0.4719
1,6,True,0.46456000208854675,0.4537000060081482,0.42682,0.4217,0.49794,0.4825,0.47554,0.4665,0.49914,0.4797,0.51072,0.4844,0.49718,0.4809
1,7,True,0.4808200001716614,0.4399000108242035,0.4309,0.4244,0.50198,0.48,0.4843,0.4713,0.50456,0.4849,0.5195,0.4886,0.50296,0.4817
1,8,True,0.48919999599456787,0.4657000005245209,0.43094,0.4246,0.50476,0.4869,0.49242,0.4693,0.51642,0.4873,0.53018,0.4968,0.51664,0.4913
1,9,True,0.49917998909950256,0.4587000012397766,0.4357,0.4261,0.51002,0.4881,0.4939,0.4712,0.51936,0.4894,0.53718,0.4978,0.52374,0.4923
1,10,True,0.5049600005149841,0.4950000047683716,0.43778,0.4266,0.51124,0.4876,0.5018,0.4774,0.53398,0.504,0.54956,0.5049,0.54002,0.5024
1,11,True,0.514460027217865,0.48750001192092896,0.43518,0.4251,0.51302,0.4865,0.50462,0.4793,0.53424,0.4977,0.55204,0.5056,0.54376,0.5008
1,12,True,0.5218600034713745,0.4862000048160553,0.43778,0.4289,0.51348,0.4896,0.50664,0.4772,0.54066,0.5028,0.5566,0.5046,0.5495,0.4999
1,13,True,0.5299199819564819,0.49619999527931213,0.4406,0.4301,0.51576,0.4892,0.50898,0.4817,0.54296,0.5003,0.56134,0.5101,0.55276,0.5007
1,14,True,0.533519983291626,0.4909000098705292,0.44126,0.4297,0.51556,0.491,0.51298,0.4823,0.55116,0.4999,0.5696,0.5083,0.5624,0.5059
1,15,True,0.5425199866294861,0.4934000074863434,0.4388,0.4296,0.51812,0.4902,0.5158,0.4821,0.55264,0.5025,0.57234,0.5033,0.56618,0.5028
1,16,True,0.551800012588501,0.4999000132083893,0.44184,0.4287,0.51976,0.4919,0.52068,0.4847,0.5597,0.5079,0.58204,0.5148,0.57788,0.5107
1,17,True,0.5568000078201294,0.49970000982284546,0.44088,0.4274,0.51912,0.489,0.52112,0.4835,0.5624,0.5072,0.58216,0.5157,0.57914,0.5033
1,18,True,0.5630999803543091,0.4934000074863434,0.44286,0.4284,0.52258,0.4927,0.52222,0.4864,0.56126,0.5048,0.58376,0.5138,0.57946,0.5048
1,19,True,0.5722799897193909,0.5016000270843506,0.44198,0.4238,0.52268,0.4929,0.5249,0.4869,0.56798,0.5051,0.59134,0.5135,0.59034,0.5072
1,20,True,0.5754600167274475,0.4943000078201294,0.4431,0.4268,0.5231,0.4897,0.52546,0.4821,0.5686,0.5043,0.59002,0.5091,0.58736,0.5119
1,21,True,0.5816799998283386,0.49399998784065247,0.44216,0.4304,0.52036,0.4889,0.52366,0.4867,0.57172,0.5108,0.59444,0.5167,0.59002,0.5056
1,22,True,0.5895199775695801,0.5031999945640564,0.44558,0.4284,0.52492,0.4936,0.52962,0.4873,0.57984,0.5158,0.60592,0.5204,0.6093,0.5145
1,23,True,0.5952399969100952,0.4936000108718872,0.44336,0.4277,0.52476,0.4926,0.52772,0.4837,0.57604,0.5077,0.603,0.5154,0.60518,0.5073
1,24,True,0.6026800274848938,0.48570001125335693,0.44348,0.4298,0.52268,0.4894,0.5276,0.4872,0.57708,0.5076,0.60348,0.5126,0.60306,0.5041
1,25,True,0.6063200235366821,0.5080000162124634,0.445,0.4288,0.52422,0.4935,0.5316,0.4852,0.58434,0.5102,0.61148,0.5207,0.61786,0.5124
1,26,True,0.6148800253868103,0.4941999912261963,0.44472,0.4292,0.52648,0.4907,0.53254,0.4845,0.58784,0.5082,0.61202,0.5171,0.6204,0.5049
1,27,True,0.6172800064086914,0.4991999864578247,0.44618,0.4304,0.52596,0.4912,0.52922,0.485,0.58342,0.5054,0.61056,0.5106,0.61878,0.503
1,28,True,0.6242799758911133,0.5023999810218811,0.445,0.4287,0.52744,0.4922,0.53516,0.4847,0.59108,0.5068,0.62124,0.5187,0.63124,0.507
1,29,True,0.6295199990272522,0.5001000165939331,0.44402,0.4289,0.52724,0.4927,0.53516,0.4858,0.59286,0.5059,0.62468,0.5099,0.63438,0.5041
1,30,True,0.6377400159835815,0.491100013256073,0.44444,0.4263,0.52606,0.4906,0.53374,0.4836,0.58968,0.5043,0.6178,0.5103,0.63002,0.4991
1,31,True,0.6451600193977356,0.5005999803543091,0.44556,0.4267,0.52602,0.493,0.53516,0.4852,0.59474,0.5058,0.62692,0.513,0.64192,0.5023
1,32,True,0.650439977645874,0.49630001187324524,0.4441,0.429,0.5271,0.4931,0.53546,0.4856,0.59702,0.5099,0.62952,0.5147,0.64322,0.5038
1,33,True,0.6536200046539307,0.5005000233650208,0.44374,0.4316,0.52818,0.4931,0.53544,0.485,0.59702,0.5066,0.63162,0.5156,0.65272,0.5043
1,34,True,0.6622599959373474,0.4959999918937683,0.44436,0.429,0.52814,0.4932,0.53364,0.4839,0.59382,0.5086,0.62532,0.517,0.637,0.5007
1,35,True,0.6684799790382385,0.48910000920295715,0.4436,0.4273,0.5278,0.4945,0.53646,0.487,0.59808,0.5043,0.632,0.5116,0.65004,0.4985
1,36,True,0.6721600294113159,0.49050000309944153,0.44556,0.4296,0.529,0.4962,0.5353,0.481,0.5977,0.5077,0.63074,0.5109,0.65306,0.4987
1,37,True,0.676580011844635,0.49390000104904175,0.44456,0.4278,0.52782,0.4914,0.53742,0.4815,0.5995,0.5071,0.6353,0.5131,0.65684,0.4999
1,38,True,0.6801599860191345,0.4936999976634979,0.44684,0.4287,0.529,0.4945,0.5374,0.4864,0.59776,0.5098,0.63184,0.5155,0.65084,0.4999
1,39,True,0.6858800053596497,0.48829999566078186,0.44608,0.4269,0.52854,0.4893,0.5369,0.4847,0.60192,0.5084,0.6377,0.5148,0.66214,0.4969
1,40,True,0.6927400231361389,0.4819999933242798,0.4441,0.4278,0.527,0.4947,0.53874,0.4838,0.60314,0.5087,0.64388,0.5166,0.6641,0.4971
1,41,True,0.6946799755096436,0.484499990940094,0.44484,0.4285,0.52804,0.4919,0.54024,0.4834,0.60302,0.511,0.63964,0.5136,0.66796,0.499
1,42,True,0.700219988822937,0.489300012588501,0.44486,0.4299,0.52798,0.492,0.53808,0.4828,0.607,0.5066,0.64612,0.5142,0.67324,0.4993
1,43,True,0.7092999815940857,0.4943999946117401,0.44636,0.4292,0.52972,0.4919,0.53966,0.4845,0.60394,0.5086,0.64392,0.5135,0.67638,0.5056
1,44,True,0.7098000049591064,0.49470001459121704,0.44488,0.4295,0.52868,0.4943,0.54006,0.4847,0.60676,0.5061,0.64338,0.5143,0.68228,0.4997
1,45,True,0.7171000242233276,0.48730000853538513,0.44656,0.4265,0.52884,0.491,0.54042,0.4798,0.60688,0.5067,0.648,0.5098,0.68284,0.4909
1,46,True,0.722100019454956,0.48890000581741333,0.44628,0.4284,0.52968,0.492,0.5391,0.4834,0.60606,0.5077,0.64574,0.5166,0.67956,0.4957
1,47,True,0.7252200245857239,0.48339998722076416,0.44512,0.4297,0.52834,0.4923,0.53624,0.483,0.59944,0.5009,0.63934,0.5099,0.6623,0.4904
1,48,True,0.728380024433136,0.47870001196861267,0.4461,0.4292,0.52802,0.4947,0.5403,0.4866,0.60328,0.506,0.64312,0.5127,0.67156,0.4883
1,49,True,0.7394199967384338,0.4875999987125397,0.44656,0.4304,0.52926,0.4941,0.5385,0.4841,0.60692,0.5062,0.64936,0.5107,0.6915,0.5002
1,50,True,0.7374799847602844,0.48420000076293945,0.44642,0.4287,0.52778,0.4891,0.54012,0.4826,0.60624,0.5033,0.64984,0.5094,0.69024,0.4957
1,51,True,0.7437000274658203,0.47850000858306885,0.44492,0.4269,0.52784,0.4878,0.53998,0.4849,0.60588,0.5063,0.64708,0.5101,0.68442,0.4883
1,52,True,0.748420000076294,0.48969998955726624,0.4455,0.4257,0.529,0.4922,0.54082,0.4832,0.60934,0.5059,0.65528,0.5126,0.70034,0.4968
1,53,True,0.7474200129508972,0.48100000619888306,0.44494,0.4272,0.52706,0.4921,0.5413,0.4845,0.6097,0.5025,0.6504,0.5078,0.6902,0.4859
1,54,True,0.7552400231361389,0.48089998960494995,0.44402,0.4296,0.52574,0.4933,0.53728,0.4828,0.60558,0.5044,0.64736,0.5112,0.69198,0.4913
1,55,True,0.7581200003623962,0.4909000098705292,0.44632,0.43,0.5283,0.4936,0.54002,0.478,0.61014,0.5089,0.65534,0.5152,0.70546,0.4991
1,56,True,0.7625200152397156,0.475600004196167,0.44612,0.4266,0.52752,0.4909,0.53938,0.4806,0.60842,0.505,0.65148,0.51,0.69232,0.4872
1,57,True,0.7694600224494934,0.4668000042438507,0.44618,0.4274,0.52836,0.4906,0.53798,0.4801,0.6036,0.5019,0.64246,0.5073,0.6745,0.4819
1,58,True,0.7672799825668335,0.4839000105857849,0.445,0.4279,0.52658,0.491,0.54164,0.4815,0.61016,0.5046,0.65406,0.5112,0.70268,0.487
1,59,True,0.7763199806213379,0.4805000126361847,0.4463,0.4301,0.52708,0.494,0.54118,0.48,0.61214,0.5047,0.65888,0.5132,0.71484,0.487
1,60,True,0.7767400145530701,0.48190000653266907,0.44522,0.4303,0.52846,0.492,0.5412,0.4824,0.61394,0.5087,0.6578,0.5127,0.71656,0.4944
1,61,True,0.7828400135040283,0.48100000619888306,0.4449,0.4267,0.52702,0.492,0.53924,0.4815,0.60708,0.5051,0.65088,0.5116,0.70372,0.4917
1,62,True,0.7808399796485901,0.47870001196861267,0.44282,0.4281,0.52816,0.4906,0.53998,0.4825,0.61262,0.5054,0.65688,0.5095,0.71316,0.4903
1,63,True,0.7858399748802185,0.47699999809265137,0.44464,0.4271,0.5288,0.4918,0.54144,0.4818,0.61218,0.5042,0.65608,0.5095,0.71354,0.4869
1,64,True,0.7912799715995789,0.4803999960422516,0.44628,0.4276,0.52826,0.4924,0.54118,0.4805,0.6141,0.5029,0.66444,0.5096,0.73042,0.4922
1,65,True,0.7892000079154968,0.47029998898506165,0.44628,0.4273,0.5278,0.4943,0.54024,0.4823,0.60868,0.5065,0.65478,0.5055,0.7079,0.4847
1,66,True,0.7922000288963318,0.4661000072956085,0.44528,0.4244,0.52756,0.4895,0.53988,0.483,0.60734,0.5009,0.65146,0.5107,0.7031,0.478
1,67,True,0.793179988861084,0.4794999957084656,0.44394,0.4269,0.52698,0.493,0.54116,0.4814,0.61348,0.5019,0.66012,0.5114,0.72104,0.4878
1,68,True,0.8053399920463562,0.4740999937057495,0.4449,0.4283,0.52638,0.4896,0.54066,0.4781,0.61042,0.5034,0.65488,0.5087,0.70984,0.4821
1,69,True,0.8035200238227844,0.4819999933242798,0.44522,0.4282,0.52798,0.4905,0.54158,0.4814,0.61628,0.5083,0.66348,0.5115,0.7257,0.4846
1,70,True,0.8031799793243408,0.4749000072479248,0.44436,0.4281,0.5283,0.4911,0.54324,0.4815,0.61524,0.506,0.6656,0.5099,0.7331,0.4882
1,71,True,0.8097599744796753,0.4799000024795532,0.44506,0.4272,0.52704,0.4923,0.53698,0.4838,0.60836,0.5037,0.65644,0.5062,0.71852,0.4822
1,72,True,0.8098800182342529,0.4713999927043915,0.44702,0.4287,0.52792,0.4923,0.54032,0.4832,0.61208,0.5034,0.6616,0.5096,0.72696,0.4845
1,73,True,0.8188599944114685,0.47099998593330383,0.44412,0.4261,0.52624,0.4911,0.5424,0.4805,0.61332,0.5001,0.66412,0.5099,0.73052,0.4822
1,74,True,0.8171200156211853,0.4797999858856201,0.44338,0.423,0.52662,0.4952,0.54018,0.4825,0.6095,0.5013,0.66022,0.5081,0.72914,0.491
1,75,True,0.8196600079536438,0.4691999852657318,0.44458,0.4268,0.52804,0.4876,0.53892,0.4833,0.60996,0.5032,0.6554,0.5089,0.7228,0.484
1,76,True,0.8199399709701538,0.47780001163482666,0.44648,0.4243,0.52708,0.4894,0.5402,0.4812,0.6119,0.5001,0.6609,0.5082,0.72924,0.4855
1,77,True,0.8227800130844116,0.47110000252723694,0.44472,0.427,0.5283,0.491,0.54006,0.4803,0.61356,0.5021,0.6628,0.5038,0.73126,0.4852
1,78,True,0.8257399797439575,0.4756999909877777,0.44426,0.427,0.52764,0.4894,0.54174,0.4832,0.61644,0.5025,0.66406,0.507,0.73832,0.4816
1,79,True,0.8276600241661072,0.4724999964237213,0.4439,0.424,0.52612,0.4928,0.54066,0.4799,0.61264,0.5003,0.65922,0.506,0.72832,0.4802
1,80,True,0.8275200128555298,0.4740999937057495,0.44486,0.4273,0.52828,0.4937,0.5406,0.4779,0.61246,0.4976,0.66056,0.5052,0.73242,0.4781
1,81,True,0.8310199975967407,0.4722999930381775,0.44612,0.4262,0.52698,0.4921,0.54008,0.478,0.6157,0.5022,0.66666,0.5078,0.74538,0.4816
1,82,True,0.8279600143432617,0.46799999475479126,0.44536,0.4248,0.52678,0.4924,0.54178,0.4795,0.61516,0.499,0.6686,0.5102,0.74628,0.482
1,83,True,0.8343999981880188,0.4690999984741211,0.44464,0.4276,0.528,0.4911,0.54258,0.4802,0.61602,0.5056,0.66644,0.5103,0.73896,0.479
1,84,True,0.8357800245285034,0.4738999903202057,0.44568,0.4276,0.52808,0.4886,0.54062,0.4818,0.61596,0.5031,0.66412,0.51,0.73764,0.4846
1,85,True,0.8358399868011475,0.46860000491142273,0.44532,0.429,0.52684,0.4946,0.54164,0.4792,0.61534,0.4969,0.66376,0.5048,0.74166,0.4788
1,86,True,0.8366400003433228,0.47749999165534973,0.44456,0.4278,0.5271,0.49,0.5404,0.4791,0.61416,0.5026,0.66398,0.5066,0.74534,0.4854
1,87,True,0.8452399969100952,0.4767000079154968,0.44516,0.4273,0.52742,0.4905,0.53978,0.4821,0.61344,0.4972,0.66548,0.511,0.74296,0.4852
1,88,True,0.8431599736213684,0.47589999437332153,0.44372,0.4265,0.5264,0.4892,0.54082,0.4786,0.61226,0.503,0.6623,0.5106,0.7411,0.4821
1,89,True,0.8488399982452393,0.46380001306533813,0.44432,0.4269,0.52902,0.4892,0.53906,0.4782,0.6097,0.4982,0.65676,0.5076,0.72938,0.4755
1,90,True,0.846780002117157,0.46860000491142273,0.44554,0.427,0.5276,0.4911,0.54234,0.4812,0.61316,0.5025,0.66502,0.5068,0.74052,0.475
1,91,True,0.8508399724960327,0.46939998865127563,0.44478,0.4245,0.52732,0.4888,0.54024,0.4811,0.61394,0.5034,0.66328,0.5085,0.74484,0.4767
1,92,True,0.8441799879074097,0.46720001101493835,0.44534,0.4267,0.5269,0.4887,0.54018,0.4838,0.6095,0.4985,0.65922,0.5042,0.73522,0.4814
1,93,True,0.856939971446991,0.4722999930381775,0.44564,0.4258,0.52848,0.4896,0.54106,0.483,0.61556,0.5013,0.66848,0.5064,0.75766,0.4803
1,94,True,0.8509600162506104,0.46959999203681946,0.44366,0.4243,0.52746,0.4898,0.54058,0.4801,0.61528,0.5017,0.66532,0.5051,0.74716,0.4789
1,95,True,0.8591600060462952,0.46230000257492065,0.44564,0.4249,0.52808,0.4895,0.53882,0.4824,0.61476,0.5019,0.66558,0.506,0.74368,0.4781
1,96,True,0.8500999808311462,0.46810001134872437,0.44596,0.425,0.52746,0.4915,0.53966,0.4807,0.61142,0.4984,0.66298,0.5018,0.74562,0.4763
1,97,True,0.8536400198936462,0.46369999647140503,0.44496,0.4252,0.52776,0.4872,0.53884,0.48,0.6103,0.4976,0.65736,0.5028,0.72404,0.476
1,98,True,0.8583199977874756,0.4706000089645386,0.44504,0.4264,0.52668,0.4899,0.5422,0.4786,0.61608,0.4987,0.66658,0.5044,0.76192,0.4767
1,99,True,0.8603799939155579,0.46470001339912415,0.4463,0.4277,0.52658,0.4905,0.53764,0.4793,0.61006,0.497,0.66006,0.5042,0.73686,0.4783
1,100,True,0.8593999743461609,0.4674000144004822,0.44516,0.4265,0.52818,0.4909,0.53768,0.4798,0.60488,0.4983,0.6527,0.5037,0.72456,0.4776
2,0,True,0.10072000324726105,0.0997999981045723,0.40064,0.394,0.42212,0.4101,0.38726,0.3766,0.37168,0.3693,0.39194,0.3739,0.35436,0.3512
2,1,True,0.31053999066352844,0.3756999969482422,0.38798,0.3956,0.44646,0.4374,0.40946,0.4093,0.41496,0.4157,0.42942,0.4227,0.41068,0.4065
2,2,True,0.38572001457214355,0.4194999933242798,0.40798,0.4126,0.46842,0.4615,0.43794,0.4323,0.44572,0.4422,0.45982,0.4493,0.44172,0.4421
2,3,True,0.4111599922180176,0.4090999960899353,0.41782,0.4158,0.47776,0.4714,0.45354,0.454,0.4611,0.4587,0.4749,0.468,0.45752,0.458
2,4,True,0.4353199899196625,0.447299987077713,0.42302,0.4188,0.48656,0.4716,0.46596,0.4588,0.48082,0.4704,0.4918,0.4775,0.47724,0.4667
2,5,True,0.4509199857711792,0.4634000062942505,0.43018,0.4256,0.49344,0.4768,0.4755,0.4645,0.49246,0.4783,0.50736,0.4846,0.49252,0.4818
2,6,True,0.46845999360084534,0.45579999685287476,0.43288,0.4258,0.49938,0.4796,0.48074,0.4675,0.4995,0.482,0.51584,0.4911,0.4969,0.4794
2,7,True,0.47846001386642456,0.4634999930858612,0.43628,0.431,0.50398,0.4823,0.489,0.4726,0.50674,0.4823,0.5221,0.4945,0.50712,0.4819
2,8,True,0.49206000566482544,0.48420000076293945,0.4383,0.4317,0.50774,0.4849,0.49632,0.478,0.5177,0.4905,0.53394,0.4988,0.52228,0.4908
2,9,True,0.5022600293159485,0.4715999960899353,0.4362,0.431,0.50682,0.4858,0.4942,0.4764,0.51856,0.4845,0.53414,0.4964,0.52092,0.4914
2,10,True,0.5076799988746643,0.4862000048160553,0.43876,0.4338,0.51176,0.487,0.50744,0.4857,0.53056,0.4978,0.54586,0.5058,0.53552,0.5026
2,11,True,0.5164600014686584,0.4959000051021576,0.44024,0.433,0.51328,0.4882,0.5101,0.484,0.53792,0.5012,0.55426,0.5114,0.5432,0.5065
2,12,True,0.5257800221443176,0.4887999892234802,0.43966,0.4323,0.51532,0.4902,0.51242,0.4819,0.5397,0.4966,0.55842,0.5082,0.54586,0.4993
2,13,True,0.5339800119400024,0.5006999969482422,0.44512,0.4371,0.52048,0.493,0.5191,0.492,0.55058,0.5086,0.56868,0.511,0.55794,0.5052
2,14,True,0.5380399823188782,0.49779999256134033,0.44454,0.4338,0.52148,0.4868,0.51988,0.4894,0.55236,0.5043,0.57236,0.5153,0.5643,0.5108
2,15,True,0.5479599833488464,0.4893999993801117,0.44674,0.434,0.5228,0.4924,0.52442,0.4887,0.55762,0.5045,0.5766,0.5128,0.56674,0.506
2,16,True,0.5546000003814697,0.5041000247001648,0.4466,0.4368,0.52416,0.4912,0.5263,0.4926,0.56262,0.507,0.58246,0.5179,0.5737,0.5088
2,17,True,0.5603200197219849,0.4948999881744385,0.44708,0.435,0.52316,0.4959,0.5273,0.4936,0.56666,0.5066,0.58712,0.5176,0.5814,0.5091
2,18,True,0.5685399770736694,0.49300000071525574,0.44518,0.4343,0.52232,0.4887,0.52196,0.4901,0.55994,0.5059,0.58134,0.513,0.56968,0.5006
2,19,True,0.5684800148010254,0.49549999833106995,0.4496,0.4377,0.52502,0.4919,0.53054,0.4889,0.5686,0.5079,0.58858,0.5168,0.5805,0.5074
2,20,True,0.5789399743080139,0.4999000132083893,0.44836,0.4399,0.52434,0.497,0.5298,0.4911,0.57148,0.5092,0.59484,0.5134,0.58656,0.5067
2,21,True,0.5849800109863281,0.4925999939441681,0.44936,0.4358,0.52828,0.4939,0.5324,0.4848,0.57822,0.5067,0.60418,0.5185,0.59646,0.5093
2,22,True,0.5928400158882141,0.48809999227523804,0.44764,0.4325,0.52756,0.4937,0.52808,0.4901,0.5704,0.5104,0.59226,0.5135,0.58058,0.5006
2,23,True,0.6012600064277649,0.5121999979019165,0.44896,0.4377,0.5288,0.4965,0.53598,0.4913,0.5857,0.5121,0.6114,0.52,0.61266,0.5139
2,24,True,0.6018000245094299,0.5001999735832214,0.45242,0.4377,0.52958,0.4965,0.5362,0.4886,0.58486,0.5103,0.60984,0.5176,0.60716,0.5041
2,25,True,0.6083199977874756,0.49320000410079956,0.4479,0.4351,0.52856,0.4963,0.53706,0.491,0.58638,0.5044,0.61312,0.513,0.60956,0.4995
2,26,True,0.615119993686676,0.5076000094413757,0.44878,0.4378,0.52968,0.4976,0.54076,0.4955,0.59034,0.5103,0.6191,0.5186,0.62214,0.5053
2,27,True,0.6223199963569641,0.5009999871253967,0.44886,0.4319,0.52934,0.4945,0.53642,0.4911,0.5871,0.5042,0.61638,0.5128,0.61668,0.5061
2,28,True,0.6277999877929688,0.5012000203132629,0.45044,0.4367,0.52978,0.4968,0.54146,0.49,0.59528,0.5071,0.62602,0.515,0.63584,0.5027
2,29,True,0.6337400078773499,0.4941999912261963,0.44828,0.4353,0.53008,0.4942,0.53856,0.4896,0.5873,0.5076,0.61662,0.5128,0.62178,0.492
2,30,True,0.6419000029563904,0.4959999918937683,0.45156,0.4368,0.52954,0.4961,0.54252,0.4938,0.5965,0.503,0.6255,0.5091,0.6322,0.4973
2,31,True,0.6442599892616272,0.5026000142097473,0.44976,0.4352,0.53,0.4937,0.54488,0.4905,0.59886,0.5064,0.6317,0.5147,0.64278,0.4994
2,32,True,0.6519200205802917,0.507099986076355,0.4509,0.4393,0.5321,0.4964,0.54662,0.4905,0.60542,0.5151,0.64016,0.5203,0.6562,0.5091
2,33,True,0.6583200097084045,0.4966000020503998,0.45,0.4362,0.52966,0.4964,0.5439,0.4888,0.60414,0.5058,0.63714,0.5159,0.6517,0.4993
2,34,True,0.6674799919128418,0.4991999864578247,0.44952,0.4364,0.5293,0.4947,0.54394,0.492,0.60176,0.5049,0.63568,0.5168,0.64662,0.4996
2,35,True,0.6707000136375427,0.4927999973297119,0.44972,0.4341,0.53088,0.4958,0.54366,0.4886,0.59856,0.5042,0.63078,0.517,0.64206,0.4956
2,36,True,0.6761400103569031,0.5019999742507935,0.44964,0.4357,0.52838,0.496,0.54658,0.4906,0.60386,0.5025,0.64196,0.514,0.65728,0.4995
2,37,True,0.6818000078201294,0.48989999294281006,0.45074,0.4343,0.52976,0.4974,0.54286,0.4857,0.60136,0.5082,0.63706,0.5149,0.65412,0.4959
2,38,True,0.6869800090789795,0.49000000953674316,0.44806,0.4369,0.53096,0.4966,0.54292,0.4878,0.60546,0.5002,0.63998,0.5099,0.65558,0.4985
2,39,True,0.694379985332489,0.49729999899864197,0.4504,0.4347,0.53144,0.4975,0.54828,0.4927,0.60938,0.5094,0.6475,0.5133,0.67018,0.4941
2,40,True,0.6984400153160095,0.4884999990463257,0.44874,0.4343,0.52886,0.4964,0.54234,0.4908,0.59904,0.5046,0.63694,0.5106,0.64976,0.4854
2,41,True,0.7085000276565552,0.4885999858379364,0.44966,0.4321,0.53028,0.4939,0.547,0.4927,0.60678,0.5117,0.6429,0.5168,0.6627,0.4964
2,42,True,0.70933997631073,0.4860999882221222,0.44898,0.4331,0.5308,0.4956,0.54136,0.4908,0.60322,0.5013,0.63904,0.5077,0.65382,0.4915
2,43,True,0.7193199992179871,0.4918000102043152,0.44686,0.4321,0.53064,0.4984,0.54582,0.4923,0.61318,0.5105,0.6535,0.5139,0.6802,0.4887
2,44,True,0.7172999978065491,0.48089998960494995,0.44852,0.434,0.53062,0.4942,0.54352,0.4897,0.60646,0.5006,0.64306,0.5085,0.66754,0.4916
2,45,True,0.7211599946022034,0.48559999465942383,0.45066,0.4323,0.53192,0.4978,0.54604,0.4904,0.61026,0.5038,0.6472,0.5111,0.67202,0.4891
2,46,True,0.7319200038909912,0.48570001125335693,0.44882,0.4319,0.53212,0.4991,0.54562,0.4906,0.60714,0.5053,0.64598,0.5096,0.66892,0.4918
2,47,True,0.7304400205612183,0.47440001368522644,0.44872,0.4353,0.5315,0.496,0.54282,0.4832,0.60668,0.5003,0.64424,0.5036,0.66748,0.4859
2,48,True,0.7316799759864807,0.4821000099182129,0.44956,0.433,0.53052,0.4946,0.54334,0.4883,0.60842,0.5008,0.64844,0.5055,0.67322,0.4831
2,49,True,0.7430199980735779,0.48649999499320984,0.44916,0.4344,0.53172,0.4951,0.54906,0.488,0.61556,0.5038,0.65778,0.5095,0.6934,0.4832
2,50,True,0.7483400106430054,0.47749999165534973,0.44868,0.4341,0.53132,0.494,0.5466,0.4896,0.61112,0.5002,0.6539,0.5048,0.68314,0.4859
2,51,True,0.7519400119781494,0.4846000075340271,0.45036,0.4349,0.5317,0.4946,0.54882,0.4876,0.61574,0.5045,0.65636,0.5112,0.6959,0.4862
2,52,True,0.7590799927711487,0.47600001096725464,0.44906,0.4351,0.53182,0.4956,0.54938,0.4877,0.6158,0.5025,0.6597,0.5065,0.7001,0.4889
2,53,True,0.7540799975395203,0.4668999910354614,0.44866,0.4317,0.53138,0.4946,0.54486,0.4831,0.61128,0.5013,0.65406,0.5104,0.6852,0.4842
2,54,True,0.761680006980896,0.47130000591278076,0.4466,0.4339,0.5302,0.4963,0.5458,0.4884,0.6096,0.5011,0.6506,0.5019,0.67844,0.4786
2,55,True,0.7725600004196167,0.47540000081062317,0.44966,0.4348,0.52968,0.4938,0.54346,0.4823,0.61068,0.4981,0.65302,0.5051,0.68494,0.4831
2,56,True,0.7681400179862976,0.4787999987602234,0.44944,0.4325,0.53088,0.4959,0.5472,0.4868,0.61798,0.5006,0.66612,0.5032,0.70856,0.4845
2,57,True,0.7735999822616577,0.47200000286102295,0.4494,0.43,0.53064,0.4967,0.5439,0.4833,0.61036,0.5015,0.65598,0.5052,0.69072,0.479
2,58,True,0.7784600257873535,0.4772999882698059,0.44924,0.432,0.53016,0.4958,0.54784,0.4869,0.61328,0.5,0.65654,0.5073,0.70138,0.4798
2,59,True,0.7837200164794922,0.4733999967575073,0.44936,0.4337,0.53018,0.4917,0.5454,0.4855,0.60784,0.4997,0.65328,0.5044,0.68344,0.4769
2,60,True,0.787559986114502,0.4772999882698059,0.44776,0.4358,0.53008,0.4954,0.54536,0.484,0.61822,0.499,0.66628,0.5072,0.71308,0.4837
2,61,True,0.7905600070953369,0.46950000524520874,0.44886,0.4335,0.532,0.497,0.54558,0.4901,0.61206,0.5009,0.65818,0.5066,0.69928,0.476
2,62,True,0.7910000085830688,0.4697999954223633,0.44866,0.4336,0.52978,0.4921,0.54414,0.487,0.6112,0.493,0.6557,0.5013,0.6953,0.476
2,63,True,0.7993599772453308,0.4733000099658966,0.4499,0.4344,0.52918,0.4946,0.54578,0.4851,0.6125,0.5007,0.6593,0.5052,0.69482,0.4806
2,64,True,0.799239993095398,0.46709999442100525,0.4496,0.4332,0.53126,0.4946,0.54558,0.485,0.61216,0.5027,0.65806,0.5045,0.702,0.4816
2,65,True,0.7993800044059753,0.4700999855995178,0.45008,0.4339,0.53206,0.4961,0.54714,0.4859,0.61662,0.5011,0.66282,0.5104,0.71088,0.4772
2,66,True,0.807479977607727,0.47099998593330383,0.44902,0.429,0.53108,0.4958,0.54644,0.4869,0.61328,0.5016,0.65838,0.5044,0.69894,0.4751
2,67,True,0.8063799738883972,0.46160000562667847,0.4497,0.4341,0.52964,0.4951,0.5434,0.4841,0.61284,0.4968,0.65806,0.5047,0.69716,0.4729
2,68,True,0.8141400218009949,0.4706999957561493,0.44914,0.433,0.5313,0.4962,0.54714,0.4859,0.6203,0.4989,0.67002,0.5052,0.72624,0.4732
2,69,True,0.8124600052833557,0.4722000062465668,0.4495,0.4317,0.52978,0.4931,0.54494,0.4872,0.61592,0.4978,0.66238,0.5069,0.70532,0.4697
2,70,True,0.817799985408783,0.4731000065803528,0.45006,0.4333,0.53144,0.494,0.5491,0.4885,0.62154,0.4998,0.6691,0.5062,0.7291,0.4766
2,71,True,0.8178600072860718,0.4699000120162964,0.44878,0.4352,0.53046,0.4961,0.54698,0.486,0.62192,0.501,0.6712,0.5086,0.73354,0.4746
2,72,True,0.8229399919509888,0.4726000130176544,0.4493,0.4323,0.53144,0.4952,0.54984,0.4835,0.61802,0.4996,0.6674,0.5085,0.72482,0.4733
2,73,True,0.823639988899231,0.4625000059604645,0.4506,0.4334,0.53156,0.4951,0.5478,0.4852,0.61904,0.5,0.6686,0.5082,0.72852,0.4716
2,74,True,0.8275399804115295,0.46389999985694885,0.44956,0.4332,0.53096,0.4948,0.54908,0.4883,0.61774,0.4984,0.66474,0.5092,0.7221,0.4749
2,75,True,0.8285999894142151,0.46299999952316284,0.44948,0.4344,0.53114,0.4962,0.54798,0.4857,0.61962,0.4964,0.67048,0.5054,0.7355,0.4698
2,76,True,0.8266800045967102,0.4674000144004822,0.44896,0.4331,0.5309,0.4962,0.54612,0.4837,0.61478,0.4998,0.66274,0.5043,0.72008,0.474
2,77,True,0.8338000178337097,0.46470001339912415,0.4488,0.4327,0.5312,0.4954,0.54704,0.4864,0.62134,0.4997,0.66982,0.5024,0.73444,0.4722
2,78,True,0.8339200019836426,0.4643000066280365,0.44942,0.4325,0.53044,0.4961,0.54706,0.4865,0.61748,0.4983,0.66726,0.5018,0.72858,0.4729
2,79,True,0.8355799913406372,0.4675999879837036,0.44742,0.4327,0.53176,0.494,0.5459,0.485,0.61532,0.4981,0.66238,0.5057,0.73012,0.4732
2,80,True,0.840939998626709,0.47209998965263367,0.44886,0.4299,0.53004,0.4934,0.54516,0.4865,0.61622,0.5035,0.66396,0.508,0.7258,0.4734
2,81,True,0.8389999866485596,0.46650001406669617,0.4482,0.4317,0.5316,0.495,0.5465,0.4861,0.61768,0.4998,0.66826,0.5081,0.72018,0.4718
2,82,True,0.8456199765205383,0.46299999952316284,0.44828,0.4332,0.53012,0.4961,0.54732,0.4895,0.62434,0.5041,0.6737,0.5088,0.74556,0.4715
2,83,True,0.8439599871635437,0.4690999984741211,0.44906,0.4315,0.53194,0.4984,0.54832,0.4906,0.62036,0.5037,0.66724,0.5058,0.73896,0.4718
2,84,True,0.8505600094795227,0.4713999927043915,0.449,0.4302,0.53054,0.4933,0.54792,0.4877,0.62284,0.503,0.67288,0.5051,0.73668,0.4692
2,85,True,0.8425599932670593,0.46219998598098755,0.44956,0.4346,0.53088,0.4933,0.5481,0.4875,0.61756,0.498,0.66642,0.5083,0.72926,0.4665
2,86,True,0.8531799912452698,0.46880000829696655,0.44804,0.4316,0.53042,0.4949,0.54646,0.4893,0.6178,0.5022,0.66572,0.507,0.72944,0.4682
2,87,True,0.8483800292015076,0.4657000005245209,0.44956,0.4325,0.53026,0.4949,0.5486,0.486,0.6197,0.5032,0.67034,0.5048,0.74008,0.4721
2,88,True,0.8589199781417847,0.46630001068115234,0.44974,0.4328,0.53024,0.4942,0.5467,0.4864,0.62042,0.5017,0.67194,0.5035,0.744,0.471
2,89,True,0.8564599752426147,0.4684000015258789,0.4482,0.4319,0.5303,0.4956,0.54482,0.4846,0.61994,0.5014,0.67128,0.5009,0.74206,0.4688
2,90,True,0.8535799980163574,0.46149998903274536,0.4492,0.4323,0.53098,0.4948,0.5468,0.4838,0.61648,0.4948,0.66882,0.5034,0.73572,0.4685
2,91,True,0.8581600189208984,0.4620000123977661,0.44858,0.4311,0.52998,0.4956,0.54592,0.4902,0.61882,0.4998,0.66582,0.5015,0.73654,0.4694
2,92,True,0.8582800030708313,0.4715000092983246,0.44894,0.4322,0.53196,0.495,0.54964,0.4881,0.62322,0.5002,0.67526,0.5065,0.75076,0.4729
2,93,True,0.8632199764251709,0.47350001335144043,0.45046,0.4335,0.53196,0.4945,0.5479,0.4874,0.61738,0.4953,0.66756,0.501,0.7391,0.4697
2,94,True,0.8615400195121765,0.4634999930858612,0.44988,0.433,0.5303,0.4985,0.54738,0.4833,0.6213,0.4986,0.67374,0.5045,0.75484,0.4663
2,95,True,0.8625400066375732,0.46369999647140503,0.44928,0.4342,0.52982,0.4976,0.54798,0.4879,0.6198,0.4966,0.6751,0.5049,0.76222,0.4643
2,96,True,0.8622999787330627,0.4700999855995178,0.4497,0.4333,0.53006,0.4953,0.54576,0.4886,0.61916,0.4977,0.66914,0.5054,0.74762,0.4645
2,97,True,0.870639979839325,0.4657000005245209,0.44738,0.4324,0.53132,0.4951,0.5479,0.4849,0.62334,0.5022,0.67572,0.5051,0.75714,0.4766
2,98,True,0.8616399765014648,0.4724000096321106,0.44846,0.4313,0.5315,0.4949,0.54862,0.4864,0.62482,0.498,0.67776,0.5035,0.7653,0.468
2,99,True,0.870959997177124,0.4702000021934509,0.44878,0.4313,0.5312,0.4965,0.54796,0.485,0.62134,0.5005,0.67174,0.5035,0.75672,0.4696
2,100,True,0.8708000183105469,0.46650001406669617,0.44904,0.4363,0.52996,0.4961,0.54692,0.4861,0.62274,0.5009,0.67538,0.5043,0.76534,0.4717
3,0,True,0.11490000039339066,0.11540000140666962,0.40322,0.3905,0.42566,0.4087,0.38132,0.3705,0.37056,0.3586,0.38734,0.3677,0.35426,0.3415
3,1,True,0.31064000725746155,0.37139999866485596,0.3822,0.3882,0.44588,0.4357,0.40742,0.4044,0.41298,0.4044,0.428,0.4145,0.40684,0.4018
3,2,True,0.38023999333381653,0.39899998903274536,0.40082,0.4011,0.46486,0.4579,0.43252,0.4326,0.44596,0.4426,0.45602,0.4488,0.43836,0.436
3,3,True,0.41506001353263855,0.41760000586509705,0.41004,0.4119,0.48014,0.4673,0.45314,0.4481,0.46758,0.4586,0.47826,0.4645,0.46084,0.4537
3,4,True,0.43224000930786133,0.42890000343322754,0.41964,0.4172,0.48748,0.4703,0.4625,0.4513,0.47832,0.4692,0.49252,0.4749,0.47324,0.4616
3,5,True,0.45208001136779785,0.44999998807907104,0.42264,0.419,0.49282,0.4766,0.47112,0.4621,0.4918,0.4749,0.50288,0.483,0.49202,0.4772
3,6,True,0.4651600122451782,0.46239998936653137,0.42746,0.4237,0.4965,0.4772,0.47894,0.4657,0.49964,0.475,0.51358,0.483,0.49928,0.479
3,7,True,0.4736199975013733,0.4781999886035919,0.43184,0.4288,0.50082,0.482,0.48774,0.47,0.51028,0.4867,0.52612,0.4949,0.51486,0.4888
3,8,True,0.4866600036621094,0.46810001134872437,0.43252,0.4266,0.50374,0.4834,0.49076,0.4723,0.5183,0.4889,0.53236,0.4943,0.5188,0.4848
3,9,True,0.49309998750686646,0.4690000116825104,0.43148,0.4279,0.5067,0.4854,0.49386,0.4783,0.52004,0.4941,0.53286,0.5011,0.51882,0.4938
3,10,True,0.5070000290870667,0.4569000005722046,0.43106,0.4206,0.51082,0.4858,0.49628,0.4761,0.52534,0.4937,0.5388,0.4991,0.52202,0.4891
3,11,True,0.5119799971580505,0.4887999892234802,0.43724,0.4299,0.51074,0.4854,0.50532,0.4772,0.53762,0.502,0.55078,0.5048,0.54298,0.5023
3,12,True,0.5210999846458435,0.4880000054836273,0.4357,0.43,0.51248,0.4888,0.50862,0.4878,0.5445,0.5021,0.55844,0.513,0.54758,0.5015
3,13,True,0.52947998046875,0.4830000102519989,0.43742,0.4303,0.51506,0.4867,0.50362,0.4788,0.5407,0.4919,0.55654,0.5044,0.54498,0.4982
3,14,True,0.533840000629425,0.4875999987125397,0.4352,0.4282,0.51534,0.4867,0.50896,0.478,0.54786,0.5014,0.56458,0.5079,0.55546,0.4959
3,15,True,0.5390599966049194,0.49720001220703125,0.43674,0.4284,0.51716,0.4912,0.5165,0.4831,0.55718,0.5068,0.57454,0.5154,0.57164,0.507
3,16,True,0.5494599938392639,0.4948999881744385,0.43896,0.4307,0.51752,0.4887,0.51714,0.4819,0.55978,0.5059,0.57628,0.5139,0.57322,0.5033
3,17,True,0.553820013999939,0.5016000270843506,0.43734,0.4302,0.51924,0.4919,0.51844,0.4829,0.56078,0.5079,0.57822,0.5165,0.57056,0.4992
3,18,True,0.5603399872779846,0.48559999465942383,0.43748,0.4254,0.51894,0.4874,0.5156,0.4824,0.56144,0.5038,0.57732,0.5146,0.5679,0.5035
3,19,True,0.5647199749946594,0.48840001225471497,0.43714,0.4249,0.52088,0.4896,0.5216,0.4895,0.56642,0.5085,0.58504,0.5176,0.58128,0.5002
3,20,True,0.5710399746894836,0.5056999921798706,0.4391,0.429,0.52112,0.4893,0.52368,0.4837,0.57158,0.5067,0.59086,0.5134,0.59012,0.5066
3,21,True,0.5793799757957458,0.5105000138282776,0.4384,0.4284,0.51976,0.4888,0.5261,0.4827,0.57616,0.5074,0.59486,0.5165,0.59338,0.507
3,22,True,0.5829399824142456,0.48969998955726624,0.43584,0.4266,0.52246,0.4886,0.52506,0.4865,0.57346,0.5051,0.59152,0.5121,0.58984,0.5074
3,23,True,0.5888599753379822,0.5006999969482422,0.43766,0.4287,0.5227,0.4946,0.5279,0.4896,0.57844,0.5086,0.59834,0.5146,0.59978,0.5024
3,24,True,0.5925599932670593,0.49889999628067017,0.43796,0.4271,0.52272,0.4868,0.5298,0.4867,0.58236,0.5087,0.60242,0.5158,0.60898,0.5069
3,25,True,0.6019799709320068,0.5012999773025513,0.4368,0.4281,0.52226,0.4907,0.52818,0.489,0.58344,0.5075,0.60478,0.5149,0.60986,0.5058
3,26,True,0.6060400009155273,0.47850000858306885,0.43742,0.4285,0.5234,0.4934,0.52782,0.4849,0.58038,0.5094,0.60202,0.5146,0.60138,0.4992
3,27,True,0.6132199764251709,0.49239999055862427,0.4392,0.4295,0.52384,0.4909,0.52738,0.4847,0.58664,0.5039,0.61022,0.513,0.61954,0.499
3,28,True,0.6198599934577942,0.49000000953674316,0.43712,0.4261,0.5228,0.4895,0.52958,0.4848,0.5866,0.5065,0.6078,0.5107,0.6139,0.4948
3,29,True,0.6248999834060669,0.4950000047683716,0.43744,0.4269,0.52396,0.4908,0.52996,0.4862,0.5877,0.5102,0.6128,0.5118,0.62446,0.4975
3,30,True,0.6278799772262573,0.4765999913215637,0.43498,0.4258,0.52276,0.4885,0.52918,0.4836,0.58428,0.5079,0.60986,0.5077,0.61592,0.4902
3,31,True,0.6394000053405762,0.4966000020503998,0.43782,0.4253,0.52402,0.4895,0.52768,0.4906,0.59018,0.5065,0.61576,0.513,0.63146,0.4948
3,32,True,0.6439800262451172,0.49320000410079956,0.43706,0.4252,0.52366,0.4868,0.5295,0.481,0.5895,0.5079,0.61554,0.5116,0.63246,0.4929
3,33,True,0.6498200297355652,0.49059998989105225,0.43904,0.4287,0.52306,0.4913,0.5277,0.4844,0.5905,0.5082,0.6145,0.5169,0.62894,0.4948
3,34,True,0.6558399796485901,0.4993000030517578,0.44,0.4272,0.52436,0.4893,0.53038,0.4808,0.5934,0.5068,0.62316,0.5139,0.64264,0.4997
3,35,True,0.6633399724960327,0.4851999878883362,0.43838,0.4273,0.52384,0.4909,0.53164,0.484,0.59376,0.5069,0.62054,0.5126,0.64062,0.49
3,36,True,0.6634200215339661,0.4921000003814697,0.43854,0.4285,0.52258,0.4919,0.53082,0.4865,0.59296,0.5066,0.62216,0.5113,0.64502,0.4958
3,37,True,0.6705600023269653,0.48890000581741333,0.43784,0.4279,0.52448,0.4926,0.5305,0.4825,0.5966,0.508,0.62658,0.5115,0.64984,0.4939
3,38,True,0.6777600049972534,0.48820000886917114,0.43818,0.4268,0.52452,0.4905,0.53234,0.4847,0.59712,0.5053,0.62632,0.5069,0.64936,0.4921
3,39,True,0.6814000010490417,0.47699999809265137,0.439,0.4288,0.52536,0.4931,0.52784,0.4827,0.58984,0.4999,0.62,0.5071,0.63784,0.4838
3,40,True,0.6860799789428711,0.4821000099182129,0.44022,0.4275,0.52242,0.49,0.52772,0.4847,0.59368,0.5044,0.6255,0.5053,0.65156,0.4925
3,41,True,0.6930599808692932,0.47749999165534973,0.43772,0.4262,0.52448,0.4897,0.53212,0.4833,0.59532,0.5008,0.62756,0.5112,0.65014,0.4851
3,42,True,0.7007799744606018,0.4823000133037567,0.4377,0.4268,0.52414,0.4913,0.53092,0.4796,0.59628,0.5006,0.6295,0.5092,0.65964,0.4864
3,43,True,0.7055000066757202,0.4788999855518341,0.4384,0.4271,0.52366,0.4898,0.53,0.4846,0.59422,0.5032,0.62538,0.5078,0.64946,0.489
3,44,True,0.710919976234436,0.47029998898506165,0.43882,0.4272,0.52542,0.4907,0.52922,0.4812,0.5975,0.5025,0.62792,0.5092,0.6561,0.4828
3,45,True,0.7136600017547607,0.48240000009536743,0.43728,0.4258,0.52376,0.4907,0.5315,0.4843,0.59932,0.5034,0.63176,0.5008,0.66734,0.4851
3,46,True,0.7192999720573425,0.48100000619888306,0.43846,0.4291,0.52576,0.4906,0.53196,0.4792,0.60108,0.5026,0.63418,0.5116,0.66612,0.4846
3,47,True,0.7246400117874146,0.4693000018596649,0.43728,0.4258,0.52482,0.4856,0.53018,0.48,0.59504,0.5032,0.63072,0.5085,0.65856,0.4823
3,48,True,0.7257000207901001,0.4756999909877777,0.43586,0.4242,0.52398,0.4888,0.52892,0.4801,0.59518,0.5008,0.6311,0.5052,0.66518,0.4819
3,49,True,0.7316799759864807,0.48339998722076416,0.43748,0.4254,0.52268,0.489,0.53142,0.4796,0.59968,0.5005,0.63676,0.5053,0.67832,0.4861
3,50,True,0.7373200058937073,0.48030000925064087,0.43792,0.4235,0.5252,0.4881,0.5306,0.4798,0.60346,0.5032,0.64006,0.5057,0.68926,0.4836
3,51,True,0.7356600165367126,0.47350001335144043,0.4384,0.427,0.52366,0.4905,0.53082,0.4844,0.60124,0.5025,0.634,0.5049,0.67416,0.477
3,52,True,0.7461599707603455,0.4790000021457672,0.43642,0.4218,0.52526,0.4905,0.52882,0.4836,0.603,0.5008,0.63756,0.5058,0.67854,0.4826
3,53,True,0.7476599812507629,0.4821999967098236,0.43554,0.4238,0.52404,0.4893,0.53104,0.4848,0.60562,0.5033,0.64326,0.5034,0.69194,0.4829
3,54,True,0.7492200136184692,0.47609999775886536,0.4385,0.4259,0.52338,0.4917,0.53112,0.4845,0.60074,0.5043,0.64082,0.5047,0.68728,0.4826
3,55,True,0.7584599852561951,0.476500004529953,0.43746,0.4273,0.5239,0.489,0.53178,0.4817,0.60294,0.5019,0.64182,0.5057,0.69354,0.4829
3,56,True,0.7595800161361694,0.47360000014305115,0.438,0.424,0.52388,0.4905,0.53104,0.4796,0.60438,0.5035,0.64362,0.5105,0.6933,0.4791
3,57,True,0.76419997215271,0.47510001063346863,0.4376,0.4243,0.5236,0.4906,0.53254,0.4806,0.60302,0.5015,0.64202,0.5054,0.69312,0.4759
3,58,True,0.7643600106239319,0.4731000065803528,0.43778,0.4254,0.52458,0.4912,0.53036,0.479,0.60392,0.4981,0.6406,0.5082,0.69234,0.4802
3,59,True,0.76910001039505,0.47699999809265137,0.43714,0.4257,0.52414,0.4894,0.53132,0.4791,0.60554,0.5021,0.64478,0.5094,0.7024,0.4816
3,60,True,0.7761399745941162,0.4787999987602234,0.43574,0.4222,0.52472,0.4929,0.53148,0.4805,0.60402,0.5003,0.6419,0.5068,0.6912,0.4815
3,61,True,0.7676200270652771,0.47609999775886536,0.43738,0.423,0.52274,0.4899,0.53046,0.4809,0.60366,0.5,0.64312,0.5095,0.70098,0.4817
3,62,True,0.778219997882843,0.4715999960899353,0.43586,0.4269,0.52478,0.4924,0.53114,0.4835,0.6023,0.4981,0.64268,0.5089,0.69108,0.4748
3,63,True,0.7818800210952759,0.47870001196861267,0.4361,0.424,0.52382,0.4884,0.5309,0.4805,0.60804,0.4984,0.6464,0.5077,0.708,0.4811
3,64,True,0.7910000085830688,0.46799999475479126,0.436,0.4267,0.52456,0.4908,0.53022,0.4803,0.60448,0.5011,0.6447,0.5057,0.69978,0.4729
3,65,True,0.7910799980163574,0.46399998664855957,0.43626,0.4241,0.52312,0.4904,0.52892,0.4802,0.59564,0.498,0.6321,0.5045,0.68044,0.4777
3,66,True,0.7888200283050537,0.47440001368522644,0.43792,0.4266,0.52394,0.4881,0.53006,0.4806,0.6034,0.5006,0.64176,0.5088,0.70242,0.4739
3,67,True,0.7897999882698059,0.4713999927043915,0.43796,0.4244,0.52368,0.49,0.52792,0.4812,0.6023,0.4996,0.64314,0.5036,0.6969,0.4777
3,68,True,0.7979000210762024,0.47540000081062317,0.4367,0.425,0.5243,0.4918,0.52998,0.4798,0.60708,0.4994,0.64562,0.5028,0.70536,0.4742
3,69,True,0.8046200275421143,0.4683000147342682,0.4378,0.425,0.5232,0.4885,0.53124,0.4809,0.60882,0.5003,0.64778,0.5058,0.70884,0.4743
3,70,True,0.7951800227165222,0.4699000120162964,0.43594,0.4269,0.5251,0.4879,0.52904,0.4786,0.60318,0.5005,0.64094,0.5077,0.70122,0.4765
3,71,True,0.8081799745559692,0.4659999907016754,0.4358,0.4246,0.52442,0.489,0.5297,0.4828,0.60076,0.498,0.64088,0.5065,0.69916,0.4733
3,72,True,0.8012199997901917,0.47290000319480896,0.43658,0.4235,0.52456,0.4877,0.5308,0.483,0.60564,0.5032,0.64698,0.5043,0.70844,0.4745
3,73,True,0.8154199719429016,0.46650001406669617,0.43792,0.4251,0.52344,0.4882,0.5303,0.4823,0.604,0.501,0.64278,0.5017,0.70748,0.4771
3,74,True,0.8131200075149536,0.46299999952316284,0.436,0.4252,0.52346,0.4883,0.52756,0.4789,0.6013,0.4982,0.64048,0.5065,0.69796,0.4727
3,75,True,0.812720000743866,0.4708999991416931,0.43686,0.4264,0.52406,0.4881,0.53022,0.4801,0.60368,0.502,0.64274,0.5068,0.71004,0.4733
3,76,True,0.8213199973106384,0.4643999934196472,0.43608,0.4259,0.52442,0.489,0.5267,0.4786,0.60318,0.5003,0.64228,0.5075,0.69238,0.4746
3,77,True,0.8207200169563293,0.4675000011920929,0.43556,0.4247,0.52394,0.4885,0.52976,0.482,0.60488,0.5015,0.64614,0.5081,0.71384,0.4734
3,78,True,0.8248800039291382,0.4593999981880188,0.43738,0.4252,0.52348,0.4888,0.52952,0.4817,0.60302,0.5005,0.64138,0.5031,0.70148,0.4751
3,79,True,0.8212599754333496,0.4636000096797943,0.43492,0.4234,0.52338,0.4885,0.53052,0.4784,0.60352,0.4979,0.6438,0.5023,0.70254,0.4671
3,80,True,0.8191800117492676,0.4713999927043915,0.436,0.4261,0.5236,0.4879,0.52958,0.4799,0.60498,0.4999,0.64726,0.5083,0.71636,0.4711
3,81,True,0.8328800201416016,0.46149998903274536,0.4356,0.423,0.52374,0.4899,0.52832,0.475,0.60214,0.497,0.64304,0.503,0.69684,0.4703
3,82,True,0.8273599743843079,0.4715000092983246,0.43672,0.4277,0.52338,0.4865,0.53054,0.4794,0.60724,0.503,0.64884,0.509,0.7176,0.4705
3,83,True,0.8314800262451172,0.4650000035762787,0.43564,0.4253,0.52476,0.4884,0.52792,0.4756,0.60634,0.4999,0.64626,0.507,0.71318,0.4644
3,84,True,0.8375599980354309,0.45840001106262207,0.43594,0.4243,0.52292,0.4877,0.52864,0.4814,0.60462,0.4981,0.64574,0.5067,0.7176,0.4694
3,85,True,0.8367199897766113,0.4675999879837036,0.43602,0.4252,0.52358,0.4883,0.52834,0.479,0.60618,0.4968,0.6479,0.5009,0.7194,0.463
3,86,True,0.8370599746704102,0.4733000099658966,0.43576,0.4235,0.52434,0.4902,0.53146,0.4821,0.60658,0.5017,0.65124,0.505,0.73402,0.4723
3,87,True,0.840399980545044,0.46219998598098755,0.43436,0.4203,0.52462,0.4863,0.52818,0.4806,0.60172,0.4976,0.64136,0.4997,0.70796,0.4692
3,88,True,0.8339800238609314,0.47099998593330383,0.43558,0.4233,0.52346,0.4871,0.52954,0.4805,0.60692,0.4988,0.6511,0.5084,0.73506,0.4741
3,89,True,0.8443800210952759,0.4740000069141388,0.43666,0.4233,0.52422,0.4858,0.52938,0.4806,0.60788,0.499,0.64924,0.5095,0.72914,0.473
3,90,True,0.8424400091171265,0.460099995136261,0.43592,0.4248,0.5231,0.4899,0.52986,0.4768,0.60568,0.5007,0.64832,0.5104,0.73156,0.4737
3,91,True,0.8436200022697449,0.4602000117301941,0.43728,0.4252,0.5235,0.4871,0.52828,0.4826,0.60468,0.5008,0.64516,0.5077,0.71276,0.4649
3,92,True,0.8510800004005432,0.4675000011920929,0.43776,0.4258,0.52262,0.4873,0.5305,0.4814,0.60524,0.5,0.64928,0.5014,0.728,0.472
3,93,True,0.8530799746513367,0.4708000123500824,0.4368,0.4268,0.52352,0.4884,0.52974,0.4836,0.60568,0.4995,0.64854,0.5058,0.7275,0.4733
3,94,True,0.847000002861023,0.47040000557899475,0.43504,0.4256,0.52496,0.4876,0.53066,0.4808,0.6079,0.4989,0.65222,0.5019,0.73576,0.4689
3,95,True,0.8530200123786926,0.46230000257492065,0.43714,0.4255,0.52356,0.4882,0.52926,0.4795,0.6033,0.5009,0.6456,0.507,0.72346,0.47
3,96,True,0.8547599911689758,0.45980000495910645,0.43604,0.4238,0.52356,0.4898,0.5301,0.4798,0.60732,0.5041,0.64922,0.5088,0.7356,0.4655
3,97,True,0.8487200140953064,0.45969998836517334,0.43576,0.426,0.5239,0.4872,0.5296,0.4812,0.60656,0.4999,0.644,0.5052,0.72226,0.468
3,98,True,0.8488399982452393,0.4587000012397766,0.43656,0.4267,0.52344,0.4895,0.52994,0.4819,0.60526,0.4977,0.6474,0.5045,0.72894,0.4717
3,99,True,0.8661199808120728,0.46560001373291016,0.437,0.4245,0.52544,0.4895,0.52914,0.4828,0.60712,0.5013,0.65396,0.5088,0.74466,0.4663
3,100,True,0.8577799797058105,0.4634000062942505,0.43584,0.4242,0.52258,0.4892,0.5295,0.4814,0.6057,0.4949,0.6478,0.5057,0.73466,0.4666
4,0,True,0.10000000149011612,0.10000000149011612,0.40282,0.3966,0.42278,0.4057,0.37638,0.373,0.37062,0.3668,0.38696,0.3724,0.35016,0.3454
4,1,True,0.3112199902534485,0.3483999967575073,0.38682,0.3862,0.44384,0.4342,0.4088,0.4064,0.41682,0.412,0.42938,0.4186,0.40658,0.4002
4,2,True,0.38499999046325684,0.38440001010894775,0.40766,0.4023,0.46554,0.4542,0.43218,0.4267,0.44506,0.4414,0.45516,0.4491,0.4368,0.4374
4,3,True,0.41106000542640686,0.4246000051498413,0.41934,0.4189,0.48048,0.467,0.45044,0.447,0.46514,0.459,0.479,0.4654,0.46034,0.4553
4,4,True,0.4333600103855133,0.4066999852657318,0.41968,0.4113,0.48728,0.4696,0.45948,0.4518,0.4773,0.4627,0.48792,0.4698,0.47148,0.4608
4,5,True,0.4496000111103058,0.4424999952316284,0.42944,0.4229,0.49306,0.4713,0.46904,0.455,0.49054,0.4719,0.50316,0.4778,0.48984,0.467
4,6,True,0.46140000224113464,0.4629000127315521,0.4325,0.4227,0.49688,0.4718,0.47542,0.4615,0.49584,0.4787,0.5088,0.4857,0.49574,0.4784
4,7,True,0.47510001063346863,0.4706000089645386,0.43172,0.4199,0.49994,0.4794,0.48056,0.4692,0.50272,0.4774,0.51614,0.4845,0.50026,0.4828
4,8,True,0.48151999711990356,0.46389999985694885,0.4347,0.4227,0.50214,0.4797,0.48412,0.467,0.50696,0.483,0.5214,0.4894,0.50794,0.4813
4,9,True,0.49393999576568604,0.45159998536109924,0.43612,0.4268,0.50524,0.486,0.48942,0.47,0.51438,0.4862,0.52962,0.4941,0.51576,0.4833
4,10,True,0.5022799968719482,0.46709999442100525,0.43802,0.4261,0.50898,0.4825,0.49502,0.4744,0.52262,0.491,0.53946,0.4916,0.5249,0.4882
4,11,True,0.511900007724762,0.44940000772476196,0.43572,0.4234,0.5098,0.4801,0.49638,0.476,0.52714,0.4899,0.5431,0.4973,0.52542,0.4849
4,12,True,0.5181400179862976,0.4544000029563904,0.43472,0.4194,0.51066,0.4809,0.49676,0.4781,0.52908,0.4902,0.54634,0.4975,0.52694,0.4805
4,13,True,0.5240399837493896,0.4839000105857849,0.4398,0.423,0.51398,0.4838,0.50456,0.477,0.54594,0.4972,0.56206,0.5055,0.55114,0.4922
4,14,True,0.530460000038147,0.47839999198913574,0.43946,0.4246,0.5119,0.4825,0.50808,0.4734,0.54264,0.4959,0.55914,0.4962,0.54822,0.4908
4,15,True,0.5377200245857239,0.4918000102043152,0.44164,0.4295,0.51646,0.485,0.50844,0.4766,0.55112,0.5005,0.56974,0.5025,0.56172,0.499
4,16,True,0.5482199788093567,0.48510000109672546,0.44324,0.4277,0.5168,0.4854,0.5132,0.4831,0.55342,0.4986,0.57398,0.5031,0.56666,0.4991
4,17,True,0.5503000020980835,0.4844000041484833,0.44314,0.4284,0.51712,0.4894,0.51456,0.4744,0.55632,0.4972,0.57436,0.5013,0.56722,0.4931
4,18,True,0.5600399971008301,0.4943000078201294,0.44126,0.425,0.51842,0.4861,0.5183,0.4789,0.56172,0.5002,0.58266,0.5061,0.57966,0.5017
4,19,True,0.5663400292396545,0.49320000410079956,0.44242,0.4282,0.52094,0.4835,0.51924,0.4773,0.56692,0.5019,0.5858,0.5082,0.58452,0.4963
4,20,True,0.5714200139045715,0.48910000920295715,0.44354,0.4286,0.5204,0.4859,0.5199,0.485,0.56582,0.5035,0.5879,0.5096,0.58346,0.4972
4,21,True,0.5725799798965454,0.4875999987125397,0.44148,0.4261,0.5192,0.4862,0.51902,0.4794,0.56486,0.4979,0.58814,0.5062,0.58174,0.4985
4,22,True,0.5813000202178955,0.4950000047683716,0.44346,0.4248,0.5225,0.4917,0.52326,0.4829,0.57254,0.5042,0.59542,0.5089,0.59676,0.4981
4,23,True,0.5895400047302246,0.4968000054359436,0.44404,0.4273,0.5202,0.4929,0.52488,0.4839,0.57442,0.5043,0.59822,0.5101,0.60066,0.503
4,24,True,0.5958399772644043,0.4952999949455261,0.4426,0.425,0.52258,0.4892,0.52748,0.4818,0.58102,0.5094,0.60492,0.509,0.60746,0.5002
4,25,True,0.6010000109672546,0.49790000915527344,0.44268,0.4283,0.5224,0.4864,0.52426,0.4801,0.57818,0.5018,0.6009,0.5055,0.60178,0.4932
4,26,True,0.6063600182533264,0.49639999866485596,0.44462,0.428,0.52124,0.4851,0.52886,0.482,0.57954,0.5023,0.6057,0.5087,0.60608,0.4994
4,27,True,0.6072400212287903,0.4950999915599823,0.44534,0.428,0.52498,0.4881,0.5296,0.4823,0.58486,0.503,0.61002,0.5087,0.61658,0.4979
4,28,True,0.6198800206184387,0.4896000027656555,0.443,0.4287,0.52456,0.4889,0.52946,0.4828,0.58852,0.5033,0.61602,0.5084,0.62326,0.4993
4,29,True,0.6195200085639954,0.4900999963283539,0.4444,0.429,0.52434,0.4918,0.52924,0.4847,0.58648,0.5029,0.61464,0.5046,0.62208,0.4921
4,30,True,0.6277199983596802,0.4909000098705292,0.44336,0.4274,0.52444,0.4914,0.52964,0.4836,0.5861,0.4983,0.61164,0.5078,0.62324,0.4953
4,31,True,0.6351000070571899,0.48750001192092896,0.4446,0.4272,0.52518,0.4911,0.53054,0.4824,0.5907,0.5015,0.61556,0.5055,0.6258,0.4954
4,32,True,0.635640025138855,0.49549999833106995,0.44584,0.4295,0.5252,0.4869,0.5314,0.4806,0.5904,0.4993,0.61954,0.5075,0.63352,0.4963
4,33,True,0.6428800225257874,0.491100013256073,0.4436,0.4284,0.52456,0.489,0.53036,0.4833,0.5921,0.4991,0.62078,0.5037,0.6377,0.4915
4,34,True,0.6472600102424622,0.47999998927116394,0.44376,0.4255,0.52616,0.4906,0.53088,0.4837,0.58768,0.4962,0.6159,0.5067,0.6255,0.492
4,35,True,0.6547999978065491,0.48420000076293945,0.44404,0.4272,0.52558,0.4899,0.53432,0.4839,0.59758,0.5014,0.62946,0.5065,0.64856,0.4936
4,36,True,0.6635599732398987,0.4894999861717224,0.4458,0.4266,0.525,0.4882,0.53592,0.4855,0.59926,0.5029,0.63168,0.5092,0.65624,0.4947
4,37,True,0.6642799973487854,0.484499990940094,0.44288,0.425,0.52446,0.4862,0.53328,0.4841,0.59798,0.4982,0.62946,0.5039,0.65056,0.4896
4,38,True,0.6697199940681458,0.47699999809265137,0.44422,0.4264,0.5258,0.4909,0.53462,0.4847,0.59674,0.4992,0.62764,0.5072,0.65316,0.4863
4,39,True,0.6724200248718262,0.47850000858306885,0.44574,0.4273,0.52452,0.4888,0.53318,0.4838,0.59388,0.497,0.62498,0.504,0.64216,0.486
4,40,True,0.6778799891471863,0.4832000136375427,0.44396,0.4295,0.52554,0.4904,0.53408,0.485,0.59506,0.4991,0.62726,0.5036,0.65048,0.4854
4,41,True,0.6834400296211243,0.47909998893737793,0.44548,0.4263,0.52564,0.4893,0.53448,0.4857,0.59708,0.4983,0.62824,0.5064,0.64792,0.4839
4,42,True,0.6882200241088867,0.4702000021934509,0.44294,0.4245,0.52356,0.487,0.53284,0.4818,0.59688,0.4957,0.629,0.5008,0.65282,0.484
4,43,True,0.6893799901008606,0.4771000146865845,0.44358,0.4261,0.52474,0.4879,0.53478,0.482,0.59594,0.4984,0.62786,0.5032,0.64996,0.4797
4,44,True,0.6973400115966797,0.4821000099182129,0.44572,0.4325,0.5246,0.489,0.53596,0.4843,0.59898,0.4959,0.63256,0.5021,0.66244,0.4915
4,45,True,0.7015600204467773,0.48489999771118164,0.44438,0.4283,0.52564,0.4856,0.53464,0.4834,0.60212,0.4942,0.63524,0.5062,0.66204,0.4859
4,46,True,0.7086399793624878,0.4729999899864197,0.44386,0.4259,0.52566,0.4899,0.5358,0.4845,0.60056,0.4944,0.63472,0.5053,0.66574,0.4808
4,47,True,0.7139999866485596,0.4779999852180481,0.44406,0.4283,0.5263,0.4887,0.53656,0.4842,0.60336,0.4987,0.63624,0.5022,0.67266,0.4873
4,48,True,0.7148600220680237,0.47450000047683716,0.4444,0.426,0.52618,0.4849,0.53608,0.4854,0.60336,0.4984,0.63862,0.5049,0.67478,0.4858
4,49,True,0.7196000218391418,0.47029998898506165,0.44402,0.4286,0.52532,0.4887,0.53408,0.4819,0.59756,0.4933,0.63392,0.5027,0.66562,0.4795
4,50,True,0.7171199917793274,0.4749000072479248,0.44562,0.428,0.52636,0.4888,0.53544,0.4867,0.60248,0.4974,0.63774,0.502,0.67632,0.4844
4,51,True,0.7315999865531921,0.4803999960422516,0.445,0.4272,0.5255,0.4868,0.53546,0.4818,0.6033,0.4961,0.64082,0.5057,0.67914,0.4811
4,52,True,0.7315400242805481,0.4742000102996826,0.44474,0.4287,0.525,0.4896,0.53758,0.4857,0.60284,0.4957,0.64002,0.5029,0.67498,0.4816
4,53,True,0.7422800064086914,0.4715999960899353,0.44534,0.4289,0.52628,0.4885,0.53786,0.4817,0.60682,0.4981,0.64554,0.5065,0.69052,0.484
4,54,True,0.737559974193573,0.4722000062465668,0.44242,0.429,0.52572,0.4882,0.53608,0.4843,0.60398,0.4958,0.63954,0.5026,0.67652,0.4838
4,55,True,0.7422400116920471,0.4763000011444092,0.44426,0.4287,0.5261,0.4861,0.53538,0.4831,0.6073,0.4944,0.64418,0.5007,0.69058,0.4822
4,56,True,0.7498999834060669,0.4779999852180481,0.4433,0.4307,0.5258,0.4863,0.53506,0.4833,0.60718,0.4953,0.64782,0.5072,0.69416,0.4798
4,57,True,0.7516999840736389,0.46779999136924744,0.44426,0.4293,0.52626,0.4888,0.53554,0.4817,0.6046,0.4929,0.64068,0.5012,0.68666,0.4738
4,58,True,0.7572199702262878,0.46880000829696655,0.4436,0.4284,0.5257,0.486,0.53684,0.482,0.60642,0.4939,0.6448,0.5013,0.68728,0.4785
4,59,True,0.7571600079536438,0.47189998626708984,0.443,0.4281,0.5256,0.4868,0.5376,0.4822,0.609,0.4962,0.64814,0.5021,0.6983,0.4784
4,60,True,0.7656800150871277,0.47029998898506165,0.4452,0.4288,0.52558,0.4859,0.53944,0.4833,0.60836,0.4958,0.65112,0.501,0.70828,0.4751
4,61,True,0.7656800150871277,0.4765999913215637,0.44356,0.4266,0.52558,0.4859,0.53736,0.4831,0.6073,0.4987,0.64418,0.5,0.70256,0.4794
4,62,True,0.7706999778747559,0.4758000075817108,0.44274,0.4263,0.525,0.4869,0.53606,0.4819,0.60286,0.4977,0.64112,0.5037,0.68928,0.4801
4,63,True,0.7739400267601013,0.4713999927043915,0.44324,0.423,0.52604,0.4876,0.53678,0.4825,0.60806,0.4949,0.64952,0.5003,0.7075,0.4751
4,64,True,0.7749599814414978,0.4702000021934509,0.44332,0.4271,0.52604,0.4853,0.5362,0.4849,0.6042,0.4928,0.64706,0.4935,0.697,0.4778
4,65,True,0.7816600203514099,0.47119998931884766,0.44452,0.4255,0.52506,0.4873,0.53774,0.4826,0.60938,0.4977,0.649,0.5001,0.71274,0.4785
4,66,True,0.782260000705719,0.4683000147342682,0.44302,0.4262,0.52522,0.485,0.53536,0.4804,0.60544,0.4975,0.64718,0.4996,0.70368,0.4714
4,67,True,0.7874400019645691,0.4607999920845032,0.44444,0.427,0.52632,0.4857,0.53588,0.4809,0.6045,0.4937,0.6445,0.4972,0.69868,0.4655
4,68,True,0.7827000021934509,0.46939998865127563,0.44348,0.4277,0.5255,0.4868,0.53686,0.484,0.60566,0.4989,0.64692,0.4998,0.70008,0.4714
4,69,True,0.788860023021698,0.4702000021934509,0.4424,0.4265,0.52498,0.4857,0.53432,0.478,0.60344,0.4905,0.6435,0.5024,0.69548,0.4707
4,70,True,0.7898600101470947,0.4675999879837036,0.44186,0.4257,0.52542,0.4874,0.53514,0.4841,0.60568,0.4943,0.64562,0.4993,0.70206,0.4702
4,71,True,0.7972800135612488,0.4634999930858612,0.44216,0.4247,0.52558,0.4871,0.53734,0.4805,0.60434,0.4955,0.6444,0.4971,0.7031,0.4741
4,72,True,0.7953600287437439,0.46459999680519104,0.444,0.4285,0.52602,0.4846,0.5355,0.484,0.60786,0.4958,0.64942,0.4998,0.71204,0.4707
4,73,True,0.7965800166130066,0.46779999136924744,0.44436,0.4303,0.52652,0.4853,0.53766,0.4813,0.61112,0.4963,0.6545,0.5026,0.73062,0.4741
4,74,True,0.8035399913787842,0.46050000190734863,0.44172,0.4245,0.52502,0.487,0.53434,0.4811,0.60466,0.4953,0.64524,0.4997,0.71202,0.467
4,75,True,0.8020600080490112,0.451200008392334,0.44296,0.4269,0.52538,0.4838,0.5336,0.4789,0.60344,0.4939,0.6419,0.4988,0.69878,0.4653
4,76,True,0.8063399791717529,0.4690999984741211,0.44286,0.4264,0.52568,0.4861,0.53764,0.4807,0.61306,0.4938,0.65818,0.5003,0.73788,0.475
4,77,True,0.8100799918174744,0.46889999508857727,0.44248,0.4272,0.52522,0.4865,0.53708,0.4826,0.61256,0.4995,0.65524,0.5009,0.73226,0.4706
4,78,True,0.8147000074386597,0.44850000739097595,0.44372,0.426,0.52464,0.4832,0.5364,0.4798,0.60836,0.4929,0.64882,0.499,0.71722,0.4705
4,79,True,0.8129000067710876,0.4675999879837036,0.44344,0.4288,0.52522,0.4869,0.53804,0.4813,0.61108,0.4927,0.6528,0.4999,0.73372,0.4691
4,80,True,0.8133000135421753,0.45719999074935913,0.44218,0.4263,0.52578,0.4859,0.535,0.4823,0.60122,0.4952,0.63792,0.4989,0.69158,0.463
4,81,True,0.8142600059509277,0.46209999918937683,0.44342,0.4261,0.52578,0.4858,0.53904,0.4846,0.61224,0.4953,0.6544,0.5009,0.73554,0.4671
4,82,True,0.8191400170326233,0.4603999853134155,0.44396,0.4269,0.52442,0.4853,0.53614,0.4801,0.6064,0.4963,0.64888,0.5021,0.72002,0.4624
4,83,True,0.8194400072097778,0.4632999897003174,0.44344,0.4296,0.5244,0.4857,0.53784,0.4814,0.60974,0.4931,0.65428,0.5001,0.72698,0.4715
4,84,True,0.8210600018501282,0.4577000141143799,0.4426,0.4271,0.5252,0.4862,0.5358,0.4817,0.61544,0.4948,0.6589,0.4987,0.74486,0.4683
4,85,True,0.826200008392334,0.45010000467300415,0.44216,0.427,0.52482,0.4874,0.53756,0.4821,0.61142,0.4944,0.65504,0.5003,0.7397,0.4656
4,86,True,0.8263800144195557,0.46470001339912415,0.44396,0.4261,0.52636,0.4853,0.53552,0.4818,0.6089,0.4922,0.65132,0.499,0.73242,0.469
4,87,True,0.8284400105476379,0.45989999175071716,0.44304,0.4256,0.52744,0.4839,0.53728,0.4805,0.6129,0.4999,0.65498,0.5023,0.74776,0.4706
4,88,True,0.8328199982643127,0.46380001306533813,0.44352,0.4278,0.52604,0.4869,0.53688,0.4832,0.61206,0.4932,0.65668,0.4961,0.7394,0.4684
4,89,True,0.8284400105476379,0.448199987411499,0.44396,0.4298,0.52608,0.4858,0.53564,0.478,0.60424,0.4936,0.6479,0.5013,0.71832,0.4629
4,90,True,0.8373200297355652,0.4575999975204468,0.44338,0.4284,0.52628,0.4855,0.53672,0.4796,0.61,0.4945,0.65358,0.5012,0.73864,0.4665
4,91,True,0.8346400260925293,0.46700000762939453,0.4426,0.4269,0.52452,0.4832,0.53606,0.4824,0.6097,0.494,0.6535,0.499,0.7366,0.468
4,92,True,0.8338199853897095,0.45739999413490295,0.44422,0.4273,0.52646,0.4873,0.53778,0.4805,0.60708,0.4938,0.64846,0.4991,0.72384,0.465
4,93,True,0.840179979801178,0.45399999618530273,0.44418,0.4294,0.52588,0.4855,0.53806,0.4817,0.60718,0.4931,0.65036,0.4982,0.73294,0.466
4,94,True,0.8400400280952454,0.459199994802475,0.44366,0.4267,0.52638,0.4845,0.53772,0.4801,0.6092,0.4932,0.65308,0.497,0.73832,0.4692
4,95,True,0.8433399796485901,0.4650999903678894,0.44316,0.4265,0.52618,0.4841,0.53756,0.478,0.61196,0.4943,0.6539,0.5007,0.74894,0.4666
4,96,True,0.8415600061416626,0.46160000562667847,0.44352,0.4273,0.52454,0.4844,0.53586,0.4767,0.60742,0.4927,0.65268,0.4981,0.73878,0.4646
4,97,True,0.8434000015258789,0.45509999990463257,0.44284,0.4259,0.52604,0.4858,0.5354,0.4819,0.60656,0.4922,0.6489,0.4994,0.72558,0.4582
4,98,True,0.8404600024223328,0.4611999988555908,0.44314,0.4276,0.52402,0.4872,0.53462,0.4806,0.60394,0.4932,0.64574,0.4986,0.71566,0.4627
4,99,True,0.8470600247383118,0.4595000147819519,0.44338,0.4288,0.52468,0.4856,0.53512,0.4764,0.6102,0.4952,0.65452,0.5003,0.74624,0.4643
4,100,True,0.8439000248908997,0.46140000224113464,0.44234,0.4246,0.52494,0.4834,0.5362,0.4827,0.60582,0.4924,0.648,0.4965,0.72436,0.4628
5,0,True,0.10580000281333923,0.10729999840259552,0.40066,0.391,0.42076,0.4055,0.38188,0.3769,0.36846,0.3639,0.3864,0.3689,0.3483,0.3457
5,1,True,0.3132599890232086,0.35030001401901245,0.38906,0.3861,0.44564,0.4363,0.41024,0.4079,0.41554,0.4157,0.42944,0.4241,0.40944,0.411
5,2,True,0.38468000292778015,0.4099999964237213,0.4076,0.4066,0.46814,0.4595,0.43356,0.4338,0.44196,0.4428,0.45616,0.4508,0.44004,0.4423
5,3,True,0.4099400043487549,0.4359999895095825,0.4141,0.4086,0.48134,0.4695,0.4546,0.4521,0.46686,0.4641,0.47972,0.4686,0.46384,0.4591
5,4,True,0.4338800013065338,0.445499986410141,0.41672,0.4135,0.48654,0.4729,0.46288,0.4558,0.47626,0.4628,0.49086,0.475,0.47284,0.4651
5,5,True,0.45028001070022583,0.45829999446868896,0.41988,0.4115,0.49052,0.4779,0.47292,0.4609,0.489,0.4745,0.50334,0.4824,0.4895,0.4731
5,6,True,0.46393999457359314,0.4672999978065491,0.42542,0.4166,0.49494,0.4774,0.47816,0.4623,0.49576,0.4788,0.51242,0.4886,0.49854,0.4799
5,7,True,0.47679999470710754,0.4700999855995178,0.42604,0.4177,0.49928,0.4854,0.48604,0.469,0.50634,0.4813,0.5219,0.4896,0.50852,0.4819
5,8,True,0.4849799871444702,0.4894999861717224,0.43098,0.42,0.5035,0.4828,0.49212,0.4752,0.51468,0.4875,0.53052,0.4954,0.52286,0.4938
5,9,True,0.4935399889945984,0.490200012922287,0.42764,0.4208,0.5064,0.4871,0.49096,0.4718,0.51736,0.492,0.53336,0.4981,0.52314,0.4919
5,10,True,0.5042600035667419,0.474700003862381,0.43284,0.4238,0.5095,0.4835,0.49694,0.4826,0.52074,0.4963,0.5382,0.5027,0.52378,0.4914
5,11,True,0.5131000280380249,0.46239998936653137,0.43438,0.4253,0.50994,0.4803,0.50052,0.4729,0.52708,0.4873,0.54614,0.4978,0.5333,0.4918
5,12,True,0.5193600058555603,0.4805000126361847,0.43342,0.423,0.51012,0.4851,0.50104,0.4722,0.53,0.4892,0.54786,0.5058,0.53376,0.4994
5,13,True,0.5274199843406677,0.4916999936103821,0.43614,0.4256,0.5124,0.4845,0.50708,0.4783,0.54242,0.4977,0.56186,0.5101,0.55372,0.5018
5,14,True,0.5348600149154663,0.4830000102519989,0.43624,0.4276,0.51472,0.4869,0.50832,0.483,0.54072,0.5013,0.55992,0.5074,0.5518,0.5039
5,15,True,0.5417199730873108,0.4941999912261963,0.4394,0.4239,0.51672,0.4848,0.51258,0.4789,0.5507,0.4977,0.5707,0.5062,0.56196,0.4996
5,16,True,0.5522199869155884,0.49549999833106995,0.43852,0.4253,0.5176,0.4858,0.5139,0.4869,0.55196,0.503,0.57468,0.5166,0.56974,0.5024
5,17,True,0.557420015335083,0.4936000108718872,0.43602,0.4218,0.51672,0.4829,0.5173,0.4778,0.55716,0.5009,0.58064,0.5076,0.5778,0.4996
5,18,True,0.5638599991798401,0.49160000681877136,0.43502,0.4228,0.51756,0.4832,0.51694,0.4773,0.5558,0.4982,0.57896,0.5052,0.57192,0.499
5,19,True,0.5745400190353394,0.5026000142097473,0.4392,0.4286,0.51906,0.4849,0.5219,0.4808,0.56274,0.5011,0.58924,0.5121,0.58686,0.5019
5,20,True,0.5771200060844421,0.5049999952316284,0.43904,0.4247,0.51998,0.4876,0.52414,0.4849,0.57198,0.5059,0.59554,0.5142,0.59692,0.504
5,21,True,0.5840200185775757,0.49889999628067017,0.43844,0.4286,0.5221,0.4888,0.52422,0.4897,0.5699,0.5046,0.5953,0.5138,0.59224,0.4995
5,22,True,0.5912200212478638,0.4966999888420105,0.44016,0.4249,0.52262,0.4835,0.52486,0.4809,0.57028,0.5016,0.5953,0.511,0.5943,0.4993
5,23,True,0.5970799922943115,0.5037000179290771,0.43898,0.4224,0.52258,0.4864,0.52888,0.4872,0.57284,0.5026,0.60134,0.5175,0.60062,0.5077
5,24,True,0.6036400198936462,0.4876999855041504,0.43718,0.4248,0.52334,0.4858,0.52872,0.4846,0.57956,0.5003,0.60718,0.5072,0.61106,0.4953
5,25,True,0.6103399991989136,0.491100013256073,0.4387,0.4265,0.52256,0.4853,0.52984,0.4846,0.58262,0.4995,0.61008,0.5084,0.61322,0.5006
5,26,True,0.6134799718856812,0.4902999997138977,0.43732,0.4261,0.524,0.4834,0.52998,0.4876,0.58106,0.5,0.61004,0.5069,0.61108,0.4954
5,27,True,0.6227999925613403,0.49079999327659607,0.4415,0.4268,0.52226,0.4855,0.53114,0.4829,0.58236,0.4985,0.60872,0.511,0.61396,0.4974
5,28,True,0.6315799951553345,0.49129998683929443,0.43836,0.4221,0.52408,0.485,0.53362,0.489,0.58912,0.5015,0.618,0.5152,0.62842,0.5005
5,29,True,0.635860025882721,0.5006999969482422,0.43994,0.4246,0.52626,0.4876,0.53382,0.4869,0.59558,0.5047,0.62418,0.5167,0.64174,0.5032
5,30,True,0.6456199884414673,0.491100013256073,0.44158,0.4284,0.5264,0.487,0.53306,0.4883,0.5922,0.5022,0.62292,0.512,0.63746,0.497
5,31,True,0.6503999829292297,0.48899999260902405,0.43954,0.4256,0.52546,0.4871,0.5341,0.4877,0.59272,0.5017,0.62344,0.5084,0.63844,0.4987
5,32,True,0.6551399827003479,0.49079999327659607,0.44138,0.4286,0.52556,0.4894,0.53306,0.4908,0.59376,0.5025,0.62574,0.51,0.64146,0.4973
5,33,True,0.6611999869346619,0.49889999628067017,0.44094,0.4274,0.52486,0.4847,0.53598,0.4912,0.60034,0.5038,0.6333,0.5138,0.65548,0.4987
5,34,True,0.6681600213050842,0.48500001430511475,0.44078,0.4256,0.52486,0.4869,0.53144,0.4841,0.59388,0.4949,0.62362,0.5087,0.64088,0.492
5,35,True,0.670960009098053,0.4799000024795532,0.44202,0.4274,0.52438,0.4863,0.53298,0.4827,0.5975,0.5032,0.63062,0.5115,0.64868,0.4926
5,36,True,0.6768199801445007,0.4943000078201294,0.44074,0.4257,0.52488,0.4848,0.5343,0.4849,0.59878,0.5007,0.63394,0.5072,0.65386,0.4952
5,37,True,0.6850000023841858,0.4848000109195709,0.4426,0.4267,0.5248,0.4875,0.53528,0.4851,0.60504,0.5011,0.63738,0.5089,0.66184,0.4902
5,38,True,0.6931399703025818,0.4844000041484833,0.44174,0.4249,0.52442,0.4833,0.5324,0.4839,0.59778,0.4966,0.62952,0.5089,0.65058,0.4858
5,39,True,0.6951799988746643,0.4894999861717224,0.44106,0.4253,0.52526,0.4861,0.53404,0.4861,0.60308,0.5007,0.63544,0.5124,0.66422,0.4906
5,40,True,0.6993600130081177,0.49140000343322754,0.44126,0.4253,0.52362,0.4877,0.53546,0.4862,0.60534,0.4983,0.64462,0.5146,0.67476,0.4906
5,41,True,0.70305997133255,0.4794999957084656,0.44074,0.4256,0.52454,0.4851,0.53328,0.4865,0.59754,0.502,0.63318,0.5106,0.65632,0.4896
5,42,True,0.7091599702835083,0.49390000104904175,0.44218,0.4271,0.52602,0.4878,0.536,0.4874,0.60696,0.5033,0.64572,0.5114,0.6743,0.4926
5,43,True,0.7180200219154358,0.4860000014305115,0.43906,0.4237,0.52702,0.4877,0.53602,0.486,0.60466,0.4971,0.64366,0.5082,0.67248,0.4905
5,44,True,0.7211999893188477,0.4828999936580658,0.43938,0.4266,0.52492,0.486,0.53496,0.4845,0.60438,0.501,0.6461,0.5098,0.676,0.4842
5,45,True,0.7269600033760071,0.47920000553131104,0.44068,0.4243,0.5246,0.4873,0.53496,0.4853,0.60642,0.4964,0.6455,0.5123,0.6829,0.4847
5,46,True,0.7307599782943726,0.4781999886035919,0.43956,0.4223,0.5244,0.4861,0.53332,0.4855,0.61002,0.4941,0.64674,0.504,0.68524,0.483
5,47,True,0.7355599999427795,0.4934999942779541,0.44176,0.427,0.52644,0.4879,0.53958,0.4863,0.61552,0.4983,0.65888,0.5089,0.70216,0.4884
5,48,True,0.7380800247192383,0.49230000376701355,0.44136,0.4285,0.52568,0.4858,0.53936,0.488,0.61332,0.4982,0.65618,0.5134,0.70458,0.4879
5,49,True,0.7445200085639954,0.4860000014305115,0.44142,0.4248,0.5256,0.4832,0.53508,0.4868,0.61012,0.4978,0.6509,0.5088,0.68864,0.4847
5,50,True,0.7455400228500366,0.48669999837875366,0.44198,0.426,0.52596,0.4859,0.5385,0.4827,0.61442,0.5016,0.65468,0.5126,0.70224,0.4841
5,51,True,0.7522600293159485,0.4860000014305115,0.44184,0.4251,0.52532,0.4862,0.53452,0.484,0.6094,0.501,0.65422,0.5059,0.695,0.4871
5,52,True,0.7605000138282776,0.48019999265670776,0.44056,0.4245,0.52534,0.4818,0.53488,0.4834,0.6102,0.4953,0.65512,0.508,0.70212,0.481
5,53,True,0.7599200010299683,0.4733999967575073,0.4404,0.4262,0.52628,0.4857,0.53564,0.4799,0.6098,0.4987,0.65168,0.5056,0.69092,0.4756
5,54,True,0.7656199932098389,0.4767000079154968,0.44156,0.4273,0.52566,0.4876,0.53588,0.484,0.60794,0.4992,0.65208,0.5083,0.6959,0.4817
5,55,True,0.76801997423172,0.4788999855518341,0.44124,0.4282,0.52632,0.4867,0.53686,0.4868,0.61172,0.4965,0.65396,0.509,0.70442,0.4833
5,56,True,0.7703400254249573,0.48559999465942383,0.44134,0.4274,0.5261,0.485,0.53872,0.4835,0.61662,0.4997,0.65978,0.5088,0.71702,0.4887
5,57,True,0.7758200168609619,0.4729999899864197,0.43998,0.4299,0.52622,0.4842,0.53454,0.4837,0.60732,0.4949,0.6499,0.5035,0.70156,0.4806
5,58,True,0.7778599858283997,0.47690001130104065,0.44156,0.4267,0.52608,0.4855,0.53688,0.4842,0.61198,0.4916,0.65496,0.5018,0.70438,0.4806
5,59,True,0.7825800180435181,0.46860000491142273,0.44112,0.4263,0.52624,0.4845,0.53648,0.4836,0.612,0.495,0.65422,0.5048,0.7016,0.4766
5,60,True,0.7883399724960327,0.47690001130104065,0.44058,0.4286,0.52634,0.4873,0.53556,0.4835,0.61334,0.4933,0.65774,0.5038,0.71156,0.4743
5,61,True,0.7879199981689453,0.4756999909877777,0.44126,0.4245,0.52542,0.4852,0.5378,0.4846,0.6148,0.4976,0.66058,0.5038,0.71088,0.4769
5,62,True,0.7912200093269348,0.4771000146865845,0.43986,0.4261,0.52664,0.4899,0.53808,0.4854,0.61406,0.4983,0.6563,0.5048,0.70996,0.4781
5,63,True,0.7948600053787231,0.4779999852180481,0.43964,0.4268,0.52542,0.4846,0.53554,0.4807,0.61512,0.4934,0.66286,0.5006,0.7209,0.4747
5,64,True,0.7968599796295166,0.46970000863075256,0.44096,0.4269,0.52412,0.4862,0.5389,0.4833,0.6122,0.4946,0.6581,0.5055,0.7141,0.4698
5,65,True,0.7994199991226196,0.48739999532699585,0.44042,0.4273,0.5247,0.4841,0.53994,0.4832,0.61432,0.498,0.66306,0.5066,0.7255,0.4815
5,66,True,0.8101199865341187,0.47209998965263367,0.4419,0.4266,0.52528,0.4875,0.53872,0.4839,0.617,0.4956,0.66918,0.5039,0.73352,0.4786
5,67,True,0.8096200227737427,0.46799999475479126,0.44154,0.4274,0.52594,0.4859,0.53906,0.4867,0.61618,0.4983,0.66272,0.5053,0.7252,0.4775
5,68,True,0.8058000206947327,0.48240000009536743,0.4417,0.4296,0.52636,0.4862,0.53932,0.4824,0.61732,0.4919,0.66526,0.5012,0.73064,0.4781
5,69,True,0.810699999332428,0.48249998688697815,0.4421,0.4278,0.52702,0.4848,0.53854,0.4835,0.61876,0.4943,0.66812,0.5014,0.73692,0.4781
5,70,True,0.8156399726867676,0.47510001063346863,0.44056,0.4269,0.52584,0.4837,0.53714,0.4813,0.61426,0.4943,0.66278,0.5007,0.72552,0.4754
5,71,True,0.820360004901886,0.46889999508857727,0.43976,0.428,0.5259,0.4838,0.53634,0.4826,0.61142,0.4925,0.65688,0.5029,0.71002,0.4715
5,72,True,0.8235599994659424,0.47130000591278076,0.4415,0.4278,0.52608,0.4854,0.53862,0.484,0.62022,0.4972,0.6688,0.5017,0.74202,0.4741
5,73,True,0.8224200010299683,0.4645000100135803,0.4423,0.4295,0.52526,0.4864,0.54054,0.4837,0.61892,0.4988,0.66612,0.5036,0.73616,0.4759
5,74,True,0.8224200010299683,0.47040000557899475,0.44124,0.426,0.52654,0.4878,0.53792,0.4834,0.60962,0.4969,0.65782,0.5069,0.72054,0.4709
5,75,True,0.8266000151634216,0.46869999170303345,0.44202,0.4276,0.52622,0.4844,0.5394,0.4807,0.61636,0.4906,0.66542,0.5051,0.73252,0.4758
5,76,True,0.8310800194740295,0.47350001335144043,0.44084,0.4259,0.5243,0.4855,0.5368,0.4828,0.61594,0.4962,0.664,0.5025,0.73878,0.4748
5,77,True,0.8292800188064575,0.47049999237060547,0.44132,0.4275,0.52574,0.4836,0.53918,0.4879,0.61656,0.4963,0.66416,0.5078,0.73148,0.4753
5,78,True,0.8348399996757507,0.47049999237060547,0.44098,0.4266,0.52542,0.4874,0.53654,0.4804,0.61302,0.4884,0.65924,0.5021,0.72614,0.4713
5,79,True,0.8335400223731995,0.46810001134872437,0.44072,0.427,0.52418,0.4849,0.53526,0.4809,0.61142,0.4942,0.66104,0.5035,0.72516,0.475
5,80,True,0.838379979133606,0.4749999940395355,0.4415,0.4251,0.52578,0.4841,0.53516,0.4813,0.61414,0.4939,0.66028,0.4995,0.7347,0.4734
5,81,True,0.8368600010871887,0.4717999994754791,0.44152,0.4278,0.52668,0.485,0.53784,0.4815,0.6146,0.4924,0.66426,0.5019,0.73956,0.4798
5,82,True,0.8414599895477295,0.4683000147342682,0.44042,0.4289,0.5245,0.4866,0.53838,0.4806,0.61646,0.4951,0.66912,0.4985,0.75338,0.4747
5,83,True,0.8408799767494202,0.4625000059604645,0.44158,0.4274,0.52636,0.4876,0.53718,0.481,0.61538,0.4898,0.66208,0.4988,0.73622,0.4701
5,84,True,0.8439599871635437,0.4657999873161316,0.444,0.4275,0.52674,0.4867,0.5373,0.4816,0.61536,0.4977,0.66486,0.5032,0.7399,0.4659
5,85,True,0.8436999917030334,0.4717000126838684,0.44008,0.4262,0.5251,0.486,0.53828,0.4785,0.61948,0.492,0.67098,0.5029,0.75566,0.4687
5,86,True,0.8507400155067444,0.47530001401901245,0.44034,0.4251,0.52486,0.4842,0.54046,0.478,0.6205,0.4935,0.67158,0.5022,0.76162,0.4734
5,87,True,0.855139970779419,0.46459999680519104,0.44112,0.4265,0.52546,0.4868,0.5379,0.4818,0.61658,0.4929,0.66654,0.5008,0.74218,0.4706
5,88,True,0.8496800065040588,0.4659000039100647,0.44054,0.4241,0.52498,0.4847,0.53926,0.4827,0.61692,0.4927,0.6694,0.4992,0.7513,0.4696
5,89,True,0.8506399989128113,0.47380000352859497,0.44066,0.4286,0.52524,0.487,0.53708,0.4817,0.61756,0.4955,0.67026,0.4989,0.75206,0.4744
5,90,True,0.8523200154304504,0.4684999883174896,0.43992,0.4276,0.52562,0.4871,0.53878,0.4838,0.6169,0.4922,0.66588,0.4976,0.74616,0.4736
5,91,True,0.8594599962234497,0.45899999141693115,0.44128,0.4282,0.5266,0.4827,0.538,0.4835,0.61294,0.4919,0.65872,0.5014,0.73224,0.4673
5,92,True,0.8566200137138367,0.4641999900341034,0.44158,0.4247,0.52576,0.487,0.53938,0.4836,0.61862,0.4985,0.6693,0.5054,0.7532,0.4705
5,93,True,0.8541200160980225,0.46320000290870667,0.4427,0.4266,0.52572,0.4854,0.53832,0.4831,0.61706,0.4928,0.66704,0.4989,0.75388,0.4701
5,94,True,0.8553799986839294,0.45890000462532043,0.44006,0.4259,0.5247,0.4862,0.5384,0.4815,0.61822,0.4941,0.6692,0.5015,0.75588,0.466
5,95,True,0.8617799878120422,0.46540001034736633,0.44126,0.4268,0.52638,0.4848,0.53464,0.4833,0.61252,0.494,0.65772,0.5028,0.72772,0.4698
5,96,True,0.8641600012779236,0.4625999927520752,0.44026,0.4269,0.5261,0.486,0.53648,0.4848,0.61528,0.488,0.66626,0.502,0.74022,0.4674
5,97,True,0.8619999885559082,0.46470001339912415,0.44032,0.4274,0.52686,0.4894,0.53764,0.4811,0.61848,0.4935,0.66998,0.5001,0.75528,0.4731
5,98,True,0.8609799742698669,0.4672999978065491,0.441,0.4251,0.5253,0.4871,0.53964,0.481,0.61722,0.495,0.6662,0.5,0.74814,0.4688
5,99,True,0.8644199967384338,0.46619999408721924,0.44132,0.4252,0.5255,0.4867,0.53778,0.4815,0.6211,0.4934,0.6728,0.5001,0.76284,0.4728
5,100,True,0.8671000003814697,0.4713999927043915,0.44042,0.4258,0.52428,0.4869,0.53774,0.481,0.62184,0.4931,0.67426,0.502,0.77298,0.4698
6,0,True,0.07902000099420547,0.07959999889135361,0.39754,0.3876,0.4224,0.3997,0.37786,0.3631,0.36534,0.3521,0.38006,0.357,0.34712,0.3383
6,1,True,0.3070000112056732,0.35989999771118164,0.3824,0.3871,0.44312,0.4324,0.40496,0.4027,0.40918,0.4076,0.42606,0.4171,0.4007,0.397
6,2,True,0.3826200067996979,0.3862000107765198,0.39778,0.3983,0.4624,0.4497,0.43306,0.4308,0.44072,0.4333,0.45468,0.4451,0.43412,0.4298
6,3,True,0.41137999296188354,0.3928000032901764,0.40954,0.4073,0.47998,0.4624,0.44778,0.448,0.463,0.4577,0.47688,0.4648,0.45662,0.453
6,4,True,0.43573999404907227,0.4284000098705292,0.41484,0.4123,0.48528,0.4666,0.46302,0.4544,0.4782,0.4666,0.49386,0.474,0.47746,0.4637
6,5,True,0.45072001218795776,0.4438999891281128,0.42054,0.4167,0.4908,0.4723,0.46634,0.4598,0.48714,0.476,0.50032,0.4829,0.4862,0.478
6,6,True,0.4677799940109253,0.47429999709129333,0.42486,0.4222,0.49332,0.4771,0.47676,0.4633,0.49916,0.4824,0.51504,0.4893,0.50598,0.4855
6,7,True,0.47775998711586,0.46209999918937683,0.42646,0.4181,0.49764,0.4759,0.4806,0.4648,0.50984,0.48,0.5222,0.486,0.51146,0.4855
6,8,True,0.4856800138950348,0.4708999991416931,0.42612,0.4182,0.50122,0.4735,0.4819,0.4615,0.50824,0.4821,0.52488,0.4919,0.51336,0.4859
6,9,True,0.4927000105381012,0.4837000072002411,0.42926,0.4204,0.50172,0.4791,0.48988,0.4679,0.5215,0.4925,0.53914,0.5005,0.5294,0.4961
6,10,True,0.5005199909210205,0.48899999260902405,0.43296,0.4216,0.50336,0.4783,0.49346,0.4734,0.52568,0.4931,0.53962,0.4961,0.53168,0.4965
6,11,True,0.5077599883079529,0.48350000381469727,0.43198,0.4184,0.50594,0.4782,0.49632,0.4766,0.53144,0.4996,0.54542,0.5037,0.53594,0.4948
6,12,True,0.5189800262451172,0.477400004863739,0.43566,0.4261,0.50894,0.482,0.49748,0.4775,0.53284,0.4937,0.54932,0.5041,0.53942,0.4918
6,13,True,0.5230200290679932,0.4887999892234802,0.43502,0.4229,0.50824,0.4835,0.50254,0.4797,0.54212,0.499,0.55912,0.5069,0.55246,0.4981
6,14,True,0.5293200016021729,0.5012000203132629,0.4346,0.4242,0.51156,0.4812,0.5033,0.4761,0.54512,0.4981,0.5629,0.5045,0.5545,0.4986
6,15,True,0.5394200086593628,0.48840001225471497,0.43512,0.4243,0.51256,0.4827,0.50316,0.4807,0.54994,0.5032,0.56526,0.5067,0.55984,0.5003
6,16,True,0.5461000204086304,0.49320000410079956,0.43424,0.4231,0.5106,0.4869,0.5078,0.4805,0.55052,0.5016,0.56976,0.5062,0.56318,0.4992
6,17,True,0.5506399869918823,0.4943999946117401,0.4345,0.4251,0.51354,0.4851,0.50546,0.4819,0.55364,0.498,0.57178,0.508,0.56696,0.4988
6,18,True,0.5581600069999695,0.48739999532699585,0.43528,0.4234,0.51518,0.4839,0.51048,0.481,0.55898,0.4984,0.57742,0.5051,0.5738,0.5005
6,19,True,0.5664799809455872,0.49540001153945923,0.43322,0.4255,0.51686,0.4854,0.51302,0.4807,0.56334,0.5008,0.5838,0.5081,0.583,0.5037
6,20,True,0.5683000087738037,0.49570000171661377,0.43568,0.4257,0.51498,0.4821,0.51306,0.481,0.56614,0.5056,0.58844,0.5082,0.58926,0.507
6,21,True,0.5752800107002258,0.4909999966621399,0.4364,0.4232,0.51554,0.4828,0.513,0.4816,0.56176,0.4969,0.58302,0.5029,0.57722,0.4972
6,22,True,0.5818399786949158,0.5008000135421753,0.43614,0.4225,0.51774,0.486,0.5155,0.4803,0.57208,0.5031,0.59452,0.5088,0.59872,0.5003
6,23,True,0.5896199941635132,0.49399998784065247,0.43646,0.4234,0.51688,0.4867,0.51404,0.4836,0.56922,0.5009,0.59284,0.5103,0.59444,0.4964
6,24,True,0.5945600271224976,0.5034999847412109,0.43754,0.421,0.519,0.4831,0.51498,0.4845,0.57318,0.5058,0.5972,0.5119,0.60206,0.5056
6,25,True,0.5988600254058838,0.5002999901771545,0.43676,0.424,0.51862,0.4849,0.51912,0.4824,0.5787,0.5016,0.6005,0.504,0.6107,0.5021
6,26,True,0.6068000197410583,0.49390000104904175,0.43834,0.4227,0.52026,0.4833,0.51962,0.4829,0.57862,0.5074,0.60214,0.5072,0.6081,0.5023
6,27,True,0.6162800192832947,0.4867999851703644,0.43796,0.4238,0.52178,0.4875,0.52056,0.4851,0.58192,0.503,0.60666,0.5034,0.61408,0.4987
6,28,True,0.6217600107192993,0.4921000003814697,0.43818,0.4244,0.51982,0.4855,0.5208,0.4801,0.58148,0.4992,0.60502,0.506,0.61416,0.4971
6,29,True,0.6230599880218506,0.4828000068664551,0.43642,0.4243,0.52054,0.4827,0.5205,0.4845,0.58424,0.5006,0.6084,0.5003,0.6192,0.4938
6,30,True,0.6319400072097778,0.49799999594688416,0.4389,0.4241,0.52002,0.4839,0.52408,0.4835,0.58578,0.5073,0.61502,0.5067,0.63178,0.5045
6,31,True,0.6408799886703491,0.4828000068664551,0.43732,0.4244,0.5206,0.4851,0.52318,0.4816,0.5824,0.5041,0.61216,0.507,0.6271,0.4966
6,32,True,0.6462799906730652,0.4848000109195709,0.43668,0.4232,0.52118,0.4854,0.52236,0.4833,0.5817,0.4994,0.61102,0.499,0.62008,0.4929
6,33,True,0.6490200161933899,0.49480000138282776,0.43718,0.4235,0.52234,0.4874,0.52542,0.4842,0.5966,0.4994,0.62412,0.5046,0.64428,0.4976
6,34,True,0.6543599963188171,0.48420000076293945,0.4368,0.4266,0.52194,0.488,0.52448,0.4806,0.59428,0.5002,0.62382,0.5026,0.6433,0.4924
6,35,True,0.6603599786758423,0.4794999957084656,0.4354,0.4202,0.51964,0.4862,0.52438,0.4816,0.59156,0.5032,0.61996,0.5039,0.63952,0.491
6,36,True,0.6722400188446045,0.4846000075340271,0.43866,0.4256,0.52218,0.4857,0.5221,0.4858,0.58978,0.5011,0.61654,0.5057,0.64028,0.4947
6,37,True,0.6766999959945679,0.4787999987602234,0.43722,0.4249,0.52026,0.4858,0.51916,0.4825,0.58812,0.4977,0.61548,0.5029,0.63,0.4899
6,38,True,0.6780200004577637,0.4864000082015991,0.43794,0.423,0.5215,0.4853,0.52592,0.4786,0.59624,0.5018,0.6271,0.5023,0.65158,0.4917
6,39,True,0.6835399866104126,0.4814000129699707,0.43816,0.4249,0.52204,0.4869,0.5237,0.4804,0.59206,0.4988,0.62286,0.5045,0.64854,0.492
6,40,True,0.6863399744033813,0.478300005197525,0.4362,0.4237,0.5215,0.4856,0.52234,0.482,0.59902,0.4981,0.63172,0.5036,0.66172,0.4792
6,41,True,0.6970999836921692,0.4781000018119812,0.43726,0.4232,0.52098,0.4846,0.5212,0.479,0.58624,0.496,0.6178,0.4964,0.63678,0.4849
6,42,True,0.6990000009536743,0.4740000069141388,0.43466,0.4221,0.52038,0.4829,0.52152,0.4808,0.59456,0.4996,0.62506,0.5079,0.65208,0.4829
6,43,True,0.7050600051879883,0.47920000553131104,0.4368,0.4224,0.52154,0.4851,0.52222,0.4802,0.5918,0.4935,0.62448,0.4965,0.65184,0.486
6,44,True,0.7097200155258179,0.4740000069141388,0.43816,0.4242,0.52164,0.4806,0.5225,0.483,0.59382,0.4978,0.62654,0.5037,0.65854,0.4797
6,45,True,0.7151600122451782,0.4823000133037567,0.43714,0.4233,0.52174,0.4844,0.52632,0.4796,0.60014,0.5005,0.63328,0.5055,0.67044,0.4839
6,46,True,0.7177799940109253,0.4749999940395355,0.43514,0.4212,0.5212,0.4833,0.52208,0.4783,0.59324,0.4966,0.62352,0.497,0.65224,0.4842
6,47,True,0.7251600027084351,0.47510001063346863,0.43484,0.4212,0.5226,0.4844,0.52332,0.4846,0.59622,0.4995,0.62888,0.501,0.66374,0.479
6,48,True,0.7304400205612183,0.47510001063346863,0.43692,0.4234,0.52354,0.4849,0.52206,0.4797,0.59594,0.4981,0.63022,0.5031,0.66606,0.4826
6,49,True,0.7365599870681763,0.4690000116825104,0.43716,0.4225,0.52118,0.4825,0.52178,0.4768,0.5936,0.4959,0.62994,0.4997,0.6646,0.4757
6,50,True,0.7403799891471863,0.48330000042915344,0.43876,0.4253,0.52346,0.4865,0.52678,0.482,0.60286,0.4999,0.64018,0.5008,0.68562,0.4831
6,51,True,0.7432399988174438,0.4830999970436096,0.43646,0.4238,0.52296,0.4844,0.52362,0.4832,0.60256,0.4994,0.63846,0.5024,0.6868,0.4852
6,52,True,0.7488600015640259,0.4724999964237213,0.43674,0.4241,0.5222,0.4859,0.5252,0.4838,0.60044,0.4979,0.63676,0.4971,0.68352,0.4827
6,53,True,0.7557399868965149,0.47369998693466187,0.43564,0.4246,0.52186,0.4841,0.5233,0.4807,0.59922,0.4964,0.63826,0.5019,0.68094,0.4825
6,54,True,0.7545599937438965,0.4632999897003174,0.43748,0.4226,0.52076,0.4852,0.52306,0.4794,0.5985,0.4944,0.63328,0.4978,0.67186,0.4704
6,55,True,0.7599200010299683,0.47099998593330383,0.43812,0.4224,0.52052,0.4829,0.52484,0.4771,0.60358,0.4976,0.64172,0.4988,0.69296,0.4788
6,56,True,0.7626799941062927,0.47859999537467957,0.43578,0.4207,0.52112,0.483,0.52366,0.4774,0.60236,0.4995,0.64078,0.5016,0.69298,0.4765
6,57,True,0.7650799751281738,0.47369998693466187,0.43506,0.423,0.5229,0.4845,0.52314,0.4834,0.6038,0.497,0.6402,0.5015,0.69104,0.4861
6,58,True,0.7674000263214111,0.4708000123500824,0.43526,0.4198,0.5219,0.481,0.52524,0.4801,0.59866,0.4917,0.63708,0.4977,0.68334,0.4812
6,59,True,0.7783200144767761,0.4699999988079071,0.4365,0.4227,0.52252,0.4833,0.52564,0.4826,0.60642,0.4957,0.64392,0.4966,0.70162,0.4762
6,60,True,0.773639976978302,0.4724000096321106,0.43542,0.4214,0.52242,0.4845,0.5248,0.4804,0.60432,0.4937,0.64294,0.4959,0.70148,0.4779
6,61,True,0.7791200280189514,0.4632999897003174,0.43636,0.4234,0.52186,0.4848,0.52478,0.4771,0.6033,0.4933,0.64226,0.4938,0.7004,0.4749
6,62,True,0.7757400274276733,0.4675000011920929,0.43488,0.4245,0.5233,0.485,0.52128,0.4793,0.59846,0.4969,0.63684,0.4955,0.68836,0.476
6,63,True,0.7906200289726257,0.4702000021934509,0.43542,0.423,0.52116,0.4854,0.51946,0.478,0.59878,0.492,0.63486,0.494,0.68672,0.478
6,64,True,0.7905799746513367,0.47279998660087585,0.43504,0.4212,0.52068,0.4848,0.52394,0.4797,0.59936,0.4951,0.63894,0.4987,0.69502,0.48
6,65,True,0.793940007686615,0.4675000011920929,0.43586,0.4239,0.52,0.4847,0.52548,0.4807,0.60402,0.4949,0.64596,0.4974,0.70866,0.4791
6,66,True,0.7981600165367126,0.4708000123500824,0.43526,0.4228,0.52106,0.4821,0.52412,0.4792,0.60484,0.4939,0.64206,0.4987,0.7047,0.475
6,67,True,0.8009999990463257,0.47519999742507935,0.43472,0.4234,0.52068,0.4836,0.52248,0.4771,0.60418,0.4939,0.64622,0.4982,0.71508,0.4796
6,68,True,0.8029800057411194,0.4668999910354614,0.43518,0.4238,0.52164,0.486,0.5238,0.4775,0.598,0.4942,0.63894,0.4972,0.69508,0.4801
6,69,True,0.8085600137710571,0.4717999994754791,0.43538,0.4224,0.52218,0.4845,0.52532,0.4785,0.60476,0.4924,0.64404,0.5002,0.71266,0.4758
6,70,True,0.8109999895095825,0.4724000096321106,0.4359,0.4232,0.52068,0.481,0.5228,0.4816,0.6011,0.496,0.64028,0.4995,0.70652,0.4749
6,71,True,0.8087400197982788,0.46000000834465027,0.43484,0.4221,0.51992,0.4824,0.51962,0.4788,0.59588,0.4952,0.63268,0.4963,0.68492,0.4721
6,72,True,0.8161399960517883,0.4634000062942505,0.43632,0.4231,0.52018,0.4843,0.52222,0.4802,0.60046,0.4975,0.63892,0.4932,0.7029,0.4714
6,73,True,0.8132799863815308,0.46399998664855957,0.43446,0.4235,0.52036,0.4836,0.5228,0.4783,0.6035,0.4956,0.64318,0.4957,0.71334,0.4712
6,74,True,0.8197799921035767,0.4706000089645386,0.43614,0.423,0.52106,0.4875,0.52478,0.4785,0.60606,0.4959,0.64984,0.4982,0.72088,0.4714
6,75,True,0.8206999897956848,0.46630001068115234,0.43554,0.4236,0.52102,0.4853,0.52452,0.4813,0.60122,0.4935,0.64262,0.4973,0.70366,0.4724
6,76,True,0.8188999891281128,0.4634000062942505,0.43472,0.4223,0.5207,0.4823,0.52446,0.4779,0.60272,0.4935,0.6422,0.4965,0.70948,0.4693
6,77,True,0.8200399875640869,0.46470001339912415,0.4363,0.4236,0.52108,0.4865,0.52254,0.4785,0.60146,0.4949,0.64248,0.4963,0.71038,0.4685
6,78,True,0.8289999961853027,0.46720001101493835,0.43518,0.4233,0.5204,0.4858,0.52548,0.4781,0.60706,0.4963,0.65004,0.4974,0.73102,0.4704
6,79,True,0.8331199884414673,0.46560001373291016,0.4342,0.4206,0.5202,0.4831,0.52346,0.4787,0.60452,0.4937,0.64632,0.4971,0.72274,0.4674
6,80,True,0.8292199969291687,0.47040000557899475,0.436,0.4241,0.52016,0.4834,0.52388,0.4802,0.60496,0.4947,0.6473,0.4999,0.72364,0.4735
6,81,True,0.8369799852371216,0.47450000047683716,0.43576,0.4248,0.52154,0.4874,0.52454,0.4774,0.60544,0.4951,0.65014,0.4968,0.72928,0.4748
6,82,True,0.8347399830818176,0.4641000032424927,0.43598,0.4206,0.51952,0.4796,0.52256,0.4794,0.59972,0.4927,0.64076,0.498,0.71018,0.4674
6,83,True,0.8360000252723694,0.4620000123977661,0.43562,0.4244,0.52186,0.4853,0.5247,0.4791,0.60704,0.4934,0.64884,0.4989,0.72418,0.4638
6,84,True,0.8406599760055542,0.4683000147342682,0.43478,0.4203,0.52052,0.4818,0.52414,0.4778,0.60526,0.4928,0.64778,0.4986,0.72872,0.4686
6,85,True,0.8361999988555908,0.4659999907016754,0.43584,0.4236,0.51916,0.4839,0.52332,0.4788,0.60334,0.4927,0.645,0.4938,0.72456,0.472
6,86,True,0.8438599705696106,0.4625000059604645,0.43606,0.4218,0.52002,0.4815,0.52232,0.4775,0.6054,0.4907,0.65132,0.4972,0.73146,0.4697
6,87,True,0.8483399748802185,0.45750001072883606,0.43556,0.4237,0.52054,0.4823,0.5238,0.4797,0.6054,0.4928,0.64878,0.4948,0.73158,0.4677
6,88,True,0.8404600024223328,0.46810001134872437,0.43564,0.4237,0.52074,0.4837,0.52342,0.4753,0.60322,0.4953,0.64586,0.4962,0.72438,0.4744
6,89,True,0.8479400277137756,0.4618000090122223,0.43628,0.4243,0.52048,0.4839,0.52338,0.4801,0.60436,0.4883,0.64912,0.4946,0.72908,0.4667
6,90,True,0.8500999808311462,0.46480000019073486,0.43618,0.4236,0.51958,0.4832,0.5238,0.4788,0.60248,0.4941,0.64448,0.4969,0.71904,0.4681
6,91,True,0.8478800058364868,0.45170000195503235,0.4357,0.423,0.52016,0.4824,0.52378,0.4772,0.60108,0.4902,0.64348,0.4924,0.71818,0.4632
6,92,True,0.8596400022506714,0.4700999855995178,0.43468,0.4229,0.51946,0.4832,0.52196,0.4767,0.60278,0.4906,0.64862,0.4918,0.73266,0.4688
6,93,True,0.8524199724197388,0.46129998564720154,0.43632,0.4222,0.5206,0.4838,0.52268,0.4762,0.60148,0.491,0.6448,0.495,0.71844,0.4651
6,94,True,0.8535400032997131,0.45239999890327454,0.4344,0.4225,0.52026,0.4851,0.5234,0.4778,0.607,0.4915,0.65204,0.4952,0.7399,0.4663
6,95,True,0.8603399991989136,0.45399999618530273,0.43576,0.4238,0.51928,0.4839,0.52246,0.4757,0.60366,0.4934,0.64626,0.4943,0.72776,0.4621
6,96,True,0.8611800074577332,0.4535999894142151,0.43502,0.4214,0.52068,0.4839,0.52344,0.4761,0.60394,0.4921,0.64728,0.4959,0.72598,0.4637
6,97,True,0.8619400262832642,0.46050000190734863,0.43592,0.4258,0.52014,0.4841,0.52326,0.479,0.6044,0.4919,0.64946,0.4926,0.73834,0.4639
6,98,True,0.85316002368927,0.45649999380111694,0.4347,0.4222,0.52004,0.4833,0.523,0.4776,0.60456,0.4944,0.6493,0.4905,0.7339,0.4612
6,99,True,0.8588200211524963,0.4498000144958496,0.4342,0.422,0.51894,0.4826,0.5201,0.4793,0.60034,0.4925,0.64162,0.4958,0.71878,0.4607
6,100,True,0.8670399785041809,0.46380001306533813,0.43384,0.4219,0.52038,0.482,0.52354,0.4786,0.60272,0.4948,0.64864,0.4958,0.73898,0.4631
7,0,True,0.10459999740123749,0.10429999977350235,0.39748,0.3864,0.42498,0.4098,0.37764,0.368,0.37052,0.3582,0.38664,0.3669,0.35128,0.3471
7,1,True,0.3096599876880646,0.3425999879837036,0.38778,0.3951,0.44942,0.4412,0.4099,0.4102,0.41404,0.4134,0.42844,0.4177,0.40746,0.4046
7,2,True,0.3815999925136566,0.39399999380111694,0.40368,0.4008,0.46588,0.455,0.43452,0.4289,0.44334,0.4355,0.45722,0.4429,0.4368,0.429
7,3,True,0.4162999987602234,0.43369999527931213,0.41862,0.412,0.4805,0.4626,0.45402,0.4489,0.4684,0.459,0.4818,0.4679,0.46454,0.4599
7,4,True,0.4387800097465515,0.4413999915122986,0.42254,0.4158,0.48878,0.4719,0.4652,0.4585,0.48082,0.469,0.49472,0.4813,0.47954,0.4716
7,5,True,0.454039990901947,0.4528000056743622,0.42762,0.4162,0.497,0.4729,0.47826,0.4652,0.49248,0.4761,0.50514,0.4793,0.49208,0.4733
7,6,True,0.46827998757362366,0.4627000093460083,0.43114,0.4191,0.50082,0.4781,0.48228,0.4663,0.50304,0.4805,0.52048,0.4871,0.50558,0.4835
7,7,True,0.4785799980163574,0.4641000032424927,0.4337,0.4202,0.5004,0.4783,0.48628,0.4673,0.50964,0.484,0.52398,0.4853,0.51068,0.4811
7,8,True,0.49121999740600586,0.47620001435279846,0.4349,0.4262,0.50478,0.4816,0.49212,0.4786,0.51702,0.4918,0.53092,0.4984,0.51696,0.4925
7,9,True,0.4959999918937683,0.4909000098705292,0.43926,0.4219,0.50986,0.4836,0.49952,0.4783,0.52546,0.4908,0.541,0.5003,0.53242,0.4976
7,10,True,0.5037400126457214,0.4943000078201294,0.43966,0.429,0.51176,0.486,0.5041,0.4797,0.53302,0.4992,0.54896,0.5032,0.54084,0.4979
7,11,True,0.5171200037002563,0.47760000824928284,0.43814,0.4262,0.5141,0.4837,0.50422,0.4804,0.5344,0.4985,0.54892,0.5056,0.53984,0.5002
7,12,True,0.5238199830055237,0.4927000105381012,0.44066,0.4288,0.51404,0.4859,0.50722,0.4804,0.53932,0.4978,0.55716,0.5036,0.54864,0.4993
7,13,True,0.5305799841880798,0.4884999990463257,0.44374,0.4281,0.51598,0.4866,0.50812,0.4803,0.54306,0.503,0.56008,0.5045,0.5512,0.4956
7,14,True,0.5371000170707703,0.4925999939441681,0.44216,0.4291,0.5159,0.4824,0.51418,0.4813,0.5484,0.5003,0.56592,0.5114,0.55864,0.5003
7,15,True,0.5452399849891663,0.49129998683929443,0.44476,0.4279,0.5208,0.4863,0.51524,0.4831,0.5528,0.5082,0.57142,0.509,0.5662,0.5052
7,16,True,0.5510799884796143,0.4941999912261963,0.443,0.4262,0.51954,0.4874,0.51832,0.4869,0.55738,0.5042,0.57458,0.5103,0.5687,0.5056
7,17,True,0.5610600113868713,0.499099999666214,0.443,0.4261,0.5196,0.4896,0.51944,0.4807,0.56088,0.5083,0.57842,0.5106,0.57728,0.5011
7,18,True,0.5648400187492371,0.49639999866485596,0.4447,0.4322,0.52136,0.4887,0.52314,0.487,0.56562,0.506,0.58532,0.5116,0.58396,0.5043
7,19,True,0.5739200115203857,0.49799999594688416,0.4444,0.4263,0.5235,0.4943,0.5252,0.4871,0.56878,0.5065,0.59134,0.5133,0.58786,0.5098
7,20,True,0.5807600021362305,0.5037999749183655,0.44272,0.429,0.525,0.4902,0.5273,0.4872,0.5744,0.5121,0.59698,0.5154,0.59656,0.5141
7,21,True,0.5867199897766113,0.5101000070571899,0.44576,0.4316,0.52534,0.4891,0.53072,0.4856,0.57518,0.5068,0.59856,0.5145,0.601,0.5133
7,22,True,0.5947999954223633,0.5087000131607056,0.44338,0.4297,0.52626,0.4874,0.53136,0.4878,0.57776,0.5066,0.60204,0.5165,0.60164,0.5044
7,23,True,0.6011599898338318,0.5041000247001648,0.44192,0.4281,0.5252,0.486,0.5297,0.4825,0.57676,0.5094,0.60104,0.5128,0.60484,0.5061
7,24,True,0.6075199842453003,0.4950999915599823,0.44528,0.4313,0.52702,0.4867,0.5343,0.4889,0.5824,0.5113,0.60406,0.5147,0.60504,0.5066
7,25,True,0.6105800271034241,0.49459999799728394,0.44682,0.43,0.52728,0.4872,0.53366,0.4861,0.58608,0.51,0.60832,0.5154,0.61274,0.5054
7,26,True,0.6180199980735779,0.498199999332428,0.44706,0.4311,0.52652,0.4876,0.53458,0.4874,0.58748,0.5149,0.61194,0.5142,0.61884,0.5038
7,27,True,0.6217799782752991,0.49709999561309814,0.44598,0.4311,0.52784,0.4855,0.53972,0.4914,0.59004,0.5117,0.6171,0.5174,0.62362,0.5079
7,28,True,0.6311799883842468,0.49230000376701355,0.4431,0.4284,0.5275,0.4883,0.5354,0.4921,0.59044,0.5127,0.61648,0.5161,0.62474,0.5096
7,29,True,0.6393799781799316,0.5008999705314636,0.44376,0.4274,0.52748,0.4887,0.5364,0.4888,0.59334,0.5117,0.62254,0.519,0.63614,0.5019
7,30,True,0.64410001039505,0.4997999966144562,0.44546,0.4295,0.52876,0.491,0.53876,0.4851,0.59652,0.5129,0.629,0.5161,0.64438,0.5086
7,31,True,0.6503599882125854,0.49729999899864197,0.44392,0.4284,0.52852,0.4884,0.53782,0.4861,0.5965,0.5136,0.62572,0.5147,0.64098,0.5028
7,32,True,0.6569200158119202,0.5016999840736389,0.44492,0.4325,0.5288,0.4895,0.5389,0.4902,0.5969,0.5113,0.62794,0.5124,0.64736,0.502
7,33,True,0.6631199717521667,0.4961000084877014,0.4448,0.4304,0.52898,0.4903,0.53562,0.4828,0.59564,0.5042,0.6242,0.5131,0.6397,0.4987
7,34,True,0.6666600108146667,0.49320000410079956,0.44612,0.4284,0.5299,0.4898,0.53998,0.4887,0.6001,0.5078,0.63068,0.514,0.65218,0.4979
7,35,True,0.6741399765014648,0.484499990940094,0.44426,0.4277,0.52752,0.4944,0.53374,0.4805,0.59606,0.5072,0.62664,0.5104,0.6442,0.499
7,36,True,0.67603999376297,0.503600001335144,0.4451,0.4288,0.53002,0.4877,0.54126,0.4882,0.60446,0.5096,0.6367,0.5184,0.66522,0.5073
7,37,True,0.6835600137710571,0.49149999022483826,0.44388,0.427,0.52886,0.4866,0.54056,0.4868,0.60222,0.5085,0.63546,0.518,0.65462,0.4983
7,38,True,0.6927800178527832,0.48820000886917114,0.444,0.4285,0.52898,0.4872,0.54042,0.488,0.60466,0.5098,0.63674,0.5166,0.66106,0.4961
7,39,True,0.6996399760246277,0.48170000314712524,0.44442,0.4273,0.5305,0.4888,0.53726,0.4862,0.59954,0.5074,0.63304,0.511,0.65876,0.4941
7,40,True,0.702239990234375,0.49480000138282776,0.44508,0.429,0.5294,0.491,0.53934,0.4864,0.60788,0.5111,0.64424,0.5133,0.67836,0.4946
7,41,True,0.7107200026512146,0.4869999885559082,0.44438,0.4294,0.52952,0.4917,0.5412,0.4863,0.60552,0.5079,0.63926,0.5159,0.66686,0.4947
7,42,True,0.7091000080108643,0.4887000024318695,0.4454,0.428,0.52784,0.4878,0.54292,0.4873,0.6116,0.5118,0.64844,0.5131,0.68626,0.4906
7,43,True,0.7190600037574768,0.49320000410079956,0.44386,0.4299,0.52818,0.4884,0.5392,0.4846,0.60428,0.5069,0.64272,0.5088,0.67814,0.4918
7,44,True,0.7256799936294556,0.4855000078678131,0.44436,0.4309,0.52934,0.4884,0.54176,0.4876,0.6084,0.5083,0.6457,0.5145,0.68084,0.4903
7,45,True,0.725380003452301,0.48739999532699585,0.44402,0.4269,0.52806,0.4883,0.5403,0.4882,0.60646,0.5077,0.6402,0.5089,0.67946,0.4873
7,46,True,0.7328000068664551,0.48890000581741333,0.44208,0.4271,0.5302,0.4861,0.53824,0.489,0.60674,0.5083,0.64186,0.512,0.67716,0.4899
7,47,True,0.7357199788093567,0.476500004529953,0.44372,0.4303,0.52914,0.4884,0.53954,0.4874,0.60382,0.506,0.6421,0.5105,0.66672,0.4829
7,48,True,0.7425000071525574,0.48429998755455017,0.4443,0.4304,0.53084,0.4912,0.54002,0.4884,0.61154,0.5054,0.64914,0.513,0.69048,0.4847
7,49,True,0.7465400099754333,0.4832000136375427,0.44446,0.4281,0.52912,0.4878,0.5401,0.4861,0.6074,0.5026,0.64706,0.5135,0.6852,0.491
7,50,True,0.7516999840736389,0.48420000076293945,0.44454,0.4298,0.53056,0.4873,0.54032,0.4866,0.61196,0.5122,0.6497,0.515,0.69196,0.4915
7,51,True,0.756659984588623,0.478300005197525,0.44184,0.427,0.52774,0.4882,0.536,0.4837,0.60532,0.5065,0.64212,0.5128,0.67676,0.4871
7,52,True,0.7622600197792053,0.4765999913215637,0.44426,0.4271,0.52752,0.4896,0.54284,0.4899,0.61218,0.5114,0.65356,0.5133,0.70064,0.4856
7,53,True,0.7604399919509888,0.47620001435279846,0.44332,0.4299,0.52926,0.4895,0.53802,0.484,0.60604,0.5026,0.6432,0.5092,0.67472,0.4846
7,54,True,0.77183997631073,0.48010000586509705,0.44492,0.4315,0.52932,0.4921,0.54206,0.488,0.61364,0.508,0.65216,0.5131,0.69586,0.4889
7,55,True,0.7725600004196167,0.47530001401901245,0.44292,0.4315,0.52906,0.4886,0.53888,0.4874,0.60384,0.509,0.64426,0.5078,0.68402,0.4862
7,56,True,0.7739800214767456,0.47690001130104065,0.4434,0.4287,0.52926,0.4878,0.542,0.4896,0.61424,0.5085,0.65552,0.5125,0.71242,0.4868
7,57,True,0.7786800265312195,0.46959999203681946,0.4422,0.4287,0.52924,0.4887,0.54114,0.4884,0.60998,0.5089,0.64808,0.5061,0.69048,0.4799
7,58,True,0.7834200263023376,0.47269999980926514,0.44356,0.4311,0.52928,0.4904,0.54164,0.4867,0.6147,0.5094,0.65528,0.5116,0.70164,0.4838
7,59,True,0.7822200059890747,0.47999998927116394,0.44366,0.4284,0.52946,0.4903,0.53976,0.4827,0.60832,0.5068,0.6479,0.511,0.69892,0.4844
7,60,True,0.7934799790382385,0.48080000281333923,0.44366,0.4263,0.5288,0.4884,0.5411,0.4885,0.61338,0.5042,0.65696,0.5104,0.71322,0.4863
7,61,True,0.7933200001716614,0.4819999933242798,0.44284,0.4297,0.52948,0.4913,0.53954,0.486,0.60826,0.5022,0.64876,0.5079,0.69526,0.4803
7,62,True,0.795520007610321,0.478300005197525,0.44274,0.4286,0.53008,0.4873,0.54264,0.4869,0.61424,0.5079,0.65634,0.5105,0.71852,0.4836
7,63,True,0.7978799939155579,0.4788999855518341,0.44436,0.4286,0.52996,0.4884,0.54104,0.4861,0.60884,0.5105,0.65156,0.5092,0.7078,0.4818
7,64,True,0.804419994354248,0.4733000099658966,0.44428,0.4302,0.52884,0.4871,0.53992,0.4843,0.60844,0.5044,0.64672,0.5097,0.69986,0.4761
7,65,True,0.8063200116157532,0.47510001063346863,0.44162,0.428,0.5285,0.4869,0.53976,0.4848,0.61118,0.5094,0.6543,0.5062,0.71654,0.4801
7,66,True,0.8081600069999695,0.4756999909877777,0.44302,0.4274,0.52926,0.4882,0.54134,0.4866,0.61432,0.506,0.65588,0.5041,0.71874,0.4803
7,67,True,0.8121600151062012,0.475600004196167,0.44294,0.4308,0.52978,0.4885,0.54274,0.4889,0.6139,0.5087,0.65702,0.5103,0.72284,0.4834
7,68,True,0.806439995765686,0.46950000524520874,0.44386,0.4279,0.53002,0.4872,0.54148,0.4858,0.61146,0.5029,0.6523,0.5103,0.70786,0.4778
7,69,True,0.8173400163650513,0.47620001435279846,0.4431,0.4292,0.52878,0.4876,0.54244,0.4866,0.61288,0.5076,0.65816,0.5094,0.72778,0.4844
7,70,True,0.8173999786376953,0.46650001406669617,0.44286,0.4285,0.5279,0.4856,0.54276,0.4847,0.61484,0.5046,0.65384,0.5091,0.71386,0.4797
7,71,True,0.8229399919509888,0.4788999855518341,0.4427,0.4294,0.5282,0.4906,0.54352,0.4867,0.6153,0.5069,0.66174,0.5118,0.735,0.4747
7,72,True,0.8248999714851379,0.4754999876022339,0.44278,0.4289,0.52846,0.4877,0.54202,0.4876,0.61056,0.5055,0.65526,0.507,0.72152,0.48
7,73,True,0.8269000053405762,0.476500004529953,0.44394,0.4311,0.52946,0.4887,0.5403,0.4882,0.61748,0.5046,0.66374,0.5078,0.74266,0.4805
7,74,True,0.8207600116729736,0.4722000062465668,0.44248,0.4309,0.52906,0.4875,0.54062,0.4891,0.61336,0.5056,0.65696,0.5093,0.72494,0.4789
7,75,True,0.8313599824905396,0.4726000130176544,0.44202,0.4303,0.52918,0.4863,0.54104,0.4898,0.61518,0.5054,0.6626,0.5093,0.74094,0.484
7,76,True,0.8349800109863281,0.4681999981403351,0.44298,0.4297,0.52736,0.4892,0.54028,0.49,0.61216,0.506,0.65542,0.5093,0.72748,0.481
7,77,True,0.8380399942398071,0.4767000079154968,0.44296,0.4288,0.52758,0.4885,0.54074,0.4891,0.61516,0.5069,0.66202,0.5083,0.74528,0.4863
7,78,True,0.8320000171661377,0.4700999855995178,0.44308,0.4303,0.52798,0.487,0.54002,0.4879,0.609,0.5055,0.65272,0.5095,0.71404,0.4752
7,79,True,0.8352599740028381,0.47999998927116394,0.44294,0.4306,0.5289,0.4889,0.5419,0.4911,0.61316,0.5022,0.65884,0.5103,0.73708,0.4797
7,80,True,0.8406199812889099,0.46560001373291016,0.44322,0.4285,0.52844,0.4864,0.54132,0.4839,0.6136,0.5049,0.6597,0.5083,0.73516,0.4751
7,81,True,0.8468599915504456,0.4684999883174896,0.44352,0.4309,0.52884,0.489,0.54054,0.4881,0.61318,0.5065,0.6577,0.5053,0.73056,0.4764
7,82,True,0.8454999923706055,0.46880000829696655,0.44256,0.4274,0.52764,0.4864,0.54116,0.4841,0.6148,0.5032,0.66152,0.5073,0.73784,0.4789
7,83,True,0.8508800268173218,0.46619999408721924,0.44388,0.4288,0.52856,0.4884,0.54078,0.4884,0.61516,0.5039,0.66142,0.5084,0.74496,0.4748
7,84,True,0.8470199704170227,0.4697999954223633,0.44156,0.4281,0.52728,0.4885,0.53822,0.4841,0.61542,0.5028,0.66266,0.5047,0.7445,0.4816
7,85,True,0.8489400148391724,0.476500004529953,0.44226,0.4274,0.52814,0.489,0.54054,0.4862,0.6152,0.5096,0.66298,0.506,0.75052,0.4783
7,86,True,0.8559600114822388,0.47029998898506165,0.44198,0.4271,0.5278,0.4882,0.53952,0.4844,0.61216,0.5055,0.65988,0.5058,0.73564,0.4751
7,87,True,0.8497400283813477,0.4693000018596649,0.44242,0.4266,0.52834,0.4869,0.54212,0.485,0.6129,0.5048,0.65858,0.5041,0.73782,0.4721
7,88,True,0.8499199748039246,0.47130000591278076,0.44144,0.4283,0.52814,0.4891,0.5402,0.4885,0.61226,0.5024,0.66054,0.5056,0.74042,0.4774
7,89,True,0.8491799831390381,0.46860000491142273,0.44302,0.4295,0.52862,0.4878,0.54278,0.4869,0.61716,0.5041,0.66138,0.5042,0.7505,0.4744
7,90,True,0.8634799718856812,0.46380001306533813,0.44106,0.4275,0.52874,0.4898,0.54156,0.4886,0.61396,0.504,0.65918,0.5083,0.73514,0.4709
7,91,True,0.8558800220489502,0.4677000045776367,0.44114,0.4275,0.52834,0.4885,0.53794,0.4819,0.61106,0.5052,0.6566,0.5052,0.734,0.4727
7,92,True,0.8639799952507019,0.4659000039100647,0.44446,0.4273,0.52832,0.4849,0.54258,0.4867,0.61876,0.5003,0.6664,0.5054,0.75668,0.4703
7,93,True,0.8599799871444702,0.46889999508857727,0.44222,0.4283,0.52924,0.4896,0.53844,0.4859,0.61134,0.5022,0.65892,0.503,0.74316,0.4756
7,94,True,0.8690800070762634,0.47099998593330383,0.44266,0.4299,0.52864,0.4923,0.5406,0.4873,0.6136,0.5052,0.6618,0.5081,0.74812,0.4729
7,95,True,0.857420027256012,0.4650000035762787,0.44226,0.4257,0.52832,0.4876,0.53992,0.4869,0.61068,0.5063,0.65452,0.5043,0.7219,0.4747
7,96,True,0.8695999979972839,0.47360000014305115,0.44432,0.4293,0.52856,0.4891,0.54182,0.4888,0.61878,0.5035,0.66302,0.5072,0.75254,0.4736
7,97,True,0.8690999746322632,0.47690001130104065,0.44322,0.4286,0.5287,0.4904,0.54058,0.487,0.61398,0.5057,0.66362,0.5041,0.75532,0.4811
7,98,True,0.8683599829673767,0.4731999933719635,0.44224,0.4283,0.52894,0.4893,0.53984,0.486,0.61408,0.5032,0.6621,0.5066,0.75256,0.4749
7,99,True,0.8657799959182739,0.46050000190734863,0.4426,0.4307,0.52736,0.4873,0.5387,0.4859,0.61366,0.4992,0.65902,0.5046,0.74226,0.4747
7,100,True,0.8746399879455566,0.4620000123977661,0.44278,0.4296,0.52702,0.4862,0.54174,0.4815,0.61372,0.5036,0.65808,0.5048,0.74024,0.4696
8,0,True,0.09950000047683716,0.0957999974489212,0.39706,0.3828,0.41698,0.4032,0.37798,0.3705,0.37052,0.356,0.38744,0.3606,0.34842,0.3404
8,1,True,0.3013800084590912,0.34929999709129333,0.38138,0.3869,0.44176,0.434,0.40538,0.4076,0.41378,0.4132,0.42714,0.4206,0.40534,0.406
8,2,True,0.3821600079536438,0.4077000021934509,0.40396,0.4109,0.46726,0.4596,0.43712,0.4305,0.44648,0.443,0.45768,0.4508,0.44142,0.4361
8,3,True,0.41499999165534973,0.42399999499320984,0.41742,0.4232,0.4801,0.472,0.45342,0.451,0.4646,0.4621,0.47644,0.4684,0.4634,0.46
8,4,True,0.4393799901008606,0.45579999685287476,0.4234,0.4241,0.49176,0.4744,0.46672,0.459,0.48476,0.4708,0.49904,0.4806,0.4837,0.4721
8,5,True,0.4537599980831146,0.4659999907016754,0.42712,0.4231,0.49856,0.4736,0.4769,0.4666,0.49564,0.4809,0.51154,0.4873,0.49592,0.4795
8,6,True,0.47165998816490173,0.460099995136261,0.43086,0.4238,0.50024,0.4755,0.4784,0.4629,0.50308,0.4815,0.5178,0.4887,0.50466,0.4805
8,7,True,0.47933998703956604,0.4844000041484833,0.43084,0.4251,0.50526,0.4767,0.48708,0.4739,0.5162,0.4887,0.53032,0.4981,0.5223,0.4924
8,8,True,0.4887399971485138,0.46779999136924744,0.43462,0.4271,0.50786,0.4794,0.48976,0.4685,0.519,0.4926,0.52912,0.4933,0.52062,0.49
8,9,True,0.5004799962043762,0.47189998626708984,0.4306,0.4254,0.509,0.4799,0.48958,0.4715,0.51942,0.4868,0.53388,0.4955,0.5249,0.4883
8,10,True,0.5097799897193909,0.48100000619888306,0.4321,0.4254,0.51044,0.4811,0.498,0.4716,0.52996,0.4941,0.54456,0.4979,0.53442,0.4888
8,11,True,0.5155799984931946,0.47609999775886536,0.43748,0.4291,0.51428,0.486,0.49904,0.4746,0.5359,0.4987,0.5494,0.4997,0.53848,0.4924
8,12,True,0.5239999890327454,0.4869999885559082,0.4381,0.427,0.51838,0.4846,0.50674,0.4794,0.54732,0.5018,0.56108,0.5085,0.5538,0.4979
8,13,True,0.5298200249671936,0.4941999912261963,0.43518,0.4266,0.51604,0.4804,0.5088,0.4772,0.54678,0.4957,0.56444,0.503,0.5576,0.4944
8,14,True,0.5370000004768372,0.4894999861717224,0.4387,0.4264,0.5186,0.4836,0.51182,0.4791,0.55266,0.5027,0.57066,0.5077,0.56366,0.4976
8,15,True,0.5437600016593933,0.4993000030517578,0.43856,0.4257,0.51992,0.4874,0.51294,0.4804,0.55704,0.5032,0.574,0.5065,0.56986,0.5023
8,16,True,0.5499399900436401,0.4921000003814697,0.43734,0.4238,0.52138,0.4849,0.5153,0.478,0.56162,0.5047,0.57896,0.5083,0.57484,0.5038
8,17,True,0.5547000169754028,0.5001000165939331,0.43898,0.4273,0.52238,0.4863,0.51592,0.4823,0.56332,0.5079,0.5801,0.5102,0.57422,0.5067
8,18,True,0.5650799870491028,0.5052000284194946,0.4413,0.4286,0.52376,0.4843,0.52234,0.4884,0.57292,0.5083,0.59236,0.512,0.59284,0.5057
8,19,True,0.5726400017738342,0.4957999885082245,0.44104,0.4287,0.52312,0.4822,0.52576,0.4789,0.5759,0.5063,0.59486,0.5102,0.59588,0.5057
8,20,True,0.5804799795150757,0.5026999711990356,0.44038,0.4254,0.52494,0.4872,0.52536,0.485,0.57864,0.5129,0.59954,0.5107,0.6,0.5102
8,21,True,0.5845000147819519,0.4945000112056732,0.44036,0.4255,0.52538,0.4872,0.52284,0.4823,0.57506,0.5048,0.59658,0.5113,0.59826,0.5016
8,22,True,0.5940600037574768,0.4941999912261963,0.44048,0.4265,0.52556,0.4893,0.52378,0.48,0.57652,0.5065,0.59552,0.5044,0.59814,0.4985
8,23,True,0.5960000157356262,0.49050000309944153,0.44272,0.4264,0.52464,0.4874,0.52638,0.4826,0.5798,0.5018,0.6017,0.5084,0.6073,0.4994
8,24,True,0.6032199859619141,0.49309998750686646,0.4406,0.4261,0.52536,0.4856,0.52698,0.4857,0.58264,0.5024,0.60672,0.5086,0.6113,0.5043
8,25,True,0.6102200150489807,0.5022000074386597,0.44262,0.427,0.52554,0.4853,0.5295,0.4853,0.58524,0.5098,0.60956,0.5119,0.61758,0.5081
8,26,True,0.6147400140762329,0.5005999803543091,0.44462,0.4301,0.528,0.4891,0.53064,0.4812,0.59514,0.508,0.61772,0.5096,0.6281,0.5062
8,27,True,0.6198599934577942,0.4945000112056732,0.44252,0.4251,0.52664,0.4887,0.53118,0.4795,0.59216,0.5023,0.61622,0.5078,0.62872,0.505
8,28,True,0.6225000023841858,0.5015000104904175,0.44346,0.4265,0.52678,0.4864,0.5342,0.4848,0.59438,0.5057,0.62188,0.5131,0.6311,0.5049
8,29,True,0.6338800191879272,0.4925000071525574,0.443,0.4263,0.5267,0.4879,0.52812,0.4777,0.5876,0.5058,0.6134,0.5093,0.62472,0.5017
8,30,True,0.6398400068283081,0.4934999942779541,0.44362,0.4289,0.52806,0.4873,0.53252,0.4776,0.59462,0.5031,0.61954,0.5072,0.63452,0.5015
8,31,True,0.6443799734115601,0.47110000252723694,0.44242,0.4268,0.52802,0.4916,0.52974,0.4806,0.5866,0.5062,0.61314,0.5104,0.62086,0.4974
8,32,True,0.6537399888038635,0.49959999322891235,0.44436,0.4277,0.52902,0.4913,0.53336,0.4846,0.59662,0.5045,0.62408,0.5068,0.64188,0.5016
8,33,True,0.65420001745224,0.4977000057697296,0.4424,0.4273,0.52758,0.4898,0.53172,0.4851,0.59966,0.5033,0.6291,0.5098,0.64948,0.5058
8,34,True,0.6651399731636047,0.4941999912261963,0.4428,0.4281,0.52912,0.4874,0.53394,0.4809,0.6025,0.5033,0.63372,0.5083,0.65544,0.5032
8,35,True,0.6648399829864502,0.5001000165939331,0.44142,0.4279,0.52886,0.4879,0.5343,0.4844,0.60402,0.504,0.63562,0.5106,0.6571,0.4975
8,36,True,0.6720399856567383,0.4970000088214874,0.44316,0.4242,0.52898,0.4863,0.53594,0.4851,0.60748,0.5018,0.63764,0.5073,0.66768,0.501
8,37,True,0.6784600019454956,0.48260000348091125,0.44342,0.4272,0.52946,0.4902,0.5323,0.4822,0.60056,0.5035,0.62996,0.5035,0.64706,0.4859
8,38,True,0.6836599707603455,0.492900013923645,0.44294,0.4261,0.5288,0.4869,0.53366,0.484,0.60716,0.5037,0.63904,0.504,0.66878,0.4928
8,39,True,0.6880599856376648,0.483599990606308,0.4438,0.4255,0.52782,0.4911,0.5335,0.4811,0.60256,0.5038,0.6316,0.5027,0.65458,0.4956
8,40,True,0.6951799988746643,0.4959999918937683,0.44316,0.4272,0.52834,0.4882,0.53318,0.4845,0.60172,0.4991,0.63404,0.4999,0.66474,0.4925
8,41,True,0.697700023651123,0.4876999855041504,0.44234,0.4269,0.52952,0.4885,0.53462,0.4826,0.6052,0.5051,0.6377,0.5066,0.6648,0.491
8,42,True,0.7032999992370605,0.49219998717308044,0.44368,0.427,0.52742,0.4841,0.53556,0.4867,0.60538,0.502,0.63854,0.5033,0.66768,0.4909
8,43,True,0.7097799777984619,0.48069998621940613,0.44162,0.4263,0.52666,0.4897,0.53354,0.48,0.60076,0.5026,0.63142,0.5041,0.65654,0.484
8,44,True,0.7157400250434875,0.48559999465942383,0.444,0.4262,0.52936,0.4869,0.53552,0.4806,0.60508,0.502,0.63676,0.5044,0.6744,0.487
8,45,True,0.7194200158119202,0.4745999872684479,0.4452,0.4285,0.5297,0.49,0.53476,0.4837,0.60768,0.5003,0.64384,0.5025,0.6752,0.488
8,46,True,0.7220399975776672,0.4812999963760376,0.44292,0.4256,0.5294,0.4896,0.53574,0.4783,0.60696,0.5003,0.64116,0.501,0.68368,0.4838
8,47,True,0.7327600121498108,0.48159998655319214,0.44382,0.4255,0.53014,0.4904,0.5358,0.4831,0.61192,0.5082,0.64602,0.5051,0.68326,0.4922
8,48,True,0.733299970626831,0.48170000314712524,0.44316,0.4277,0.528,0.4908,0.53406,0.482,0.60758,0.5054,0.64256,0.5056,0.68336,0.4889
8,49,True,0.7382799983024597,0.48840001225471497,0.44168,0.4241,0.52792,0.4876,0.53448,0.4821,0.60876,0.502,0.64392,0.5043,0.68006,0.4845
8,50,True,0.7441400289535522,0.48429998755455017,0.4423,0.4256,0.52842,0.4897,0.53296,0.4813,0.60758,0.4988,0.6393,0.5022,0.67162,0.4866
8,51,True,0.7458199858665466,0.4830999970436096,0.44384,0.4287,0.52972,0.4902,0.53614,0.4832,0.61326,0.5038,0.65222,0.5061,0.70094,0.4898
8,52,True,0.7480999827384949,0.4837000072002411,0.443,0.4278,0.52926,0.4863,0.5347,0.4852,0.61388,0.501,0.65136,0.5041,0.69418,0.487
8,53,True,0.7558000087738037,0.4860000014305115,0.44366,0.427,0.52994,0.4911,0.53688,0.4856,0.61446,0.5034,0.65282,0.5058,0.70738,0.4912
8,54,True,0.761680006980896,0.4788999855518341,0.44266,0.4262,0.52754,0.4855,0.53492,0.4805,0.61104,0.4984,0.6493,0.4982,0.69962,0.4841
8,55,True,0.7598999738693237,0.47369998693466187,0.4429,0.426,0.5279,0.4895,0.53438,0.4831,0.61052,0.4988,0.64692,0.5059,0.6919,0.4837
8,56,True,0.7631000280380249,0.4867999851703644,0.4435,0.4284,0.52958,0.4867,0.53598,0.4796,0.61268,0.4993,0.6532,0.5054,0.70156,0.4888
8,57,True,0.7757400274276733,0.4812000095844269,0.44386,0.4275,0.52894,0.488,0.5356,0.4828,0.612,0.5,0.64968,0.5006,0.70408,0.487
8,58,True,0.772059977054596,0.4805999994277954,0.44408,0.4299,0.52986,0.4871,0.5377,0.4838,0.61398,0.5028,0.64972,0.4996,0.70432,0.4858
8,59,True,0.7732999920845032,0.48080000281333923,0.4422,0.4279,0.52842,0.4891,0.53456,0.4819,0.611,0.5024,0.65048,0.504,0.70186,0.4823
8,60,True,0.7780200242996216,0.4767000079154968,0.44392,0.4238,0.52858,0.4857,0.53384,0.4839,0.61224,0.503,0.64726,0.5018,0.69818,0.4838
8,61,True,0.7826799750328064,0.47909998893737793,0.44338,0.4274,0.52834,0.4901,0.53548,0.4819,0.61222,0.5035,0.6524,0.5024,0.71302,0.481
8,62,True,0.7846800088882446,0.4726000130176544,0.44236,0.4272,0.52832,0.4865,0.5371,0.4835,0.61434,0.5007,0.65426,0.4993,0.70862,0.4801
8,63,True,0.7925400137901306,0.4690000116825104,0.44354,0.4277,0.5287,0.4874,0.53274,0.4805,0.60944,0.4998,0.64734,0.503,0.70154,0.4784
8,64,True,0.7912999987602234,0.4729999899864197,0.4413,0.4263,0.5287,0.4889,0.53528,0.4781,0.61262,0.4992,0.65088,0.5031,0.70894,0.4822
8,65,True,0.7935799956321716,0.475600004196167,0.44328,0.4289,0.52784,0.4883,0.53688,0.4818,0.61486,0.4997,0.65398,0.5002,0.7172,0.4864
8,66,True,0.8008999824523926,0.4699999988079071,0.44268,0.4296,0.52888,0.4885,0.53568,0.4809,0.61368,0.4995,0.65344,0.5002,0.70992,0.4756
8,67,True,0.8007199764251709,0.4681999981403351,0.4434,0.4271,0.5281,0.4868,0.53804,0.4826,0.61158,0.4967,0.64866,0.4963,0.70458,0.4735
8,68,True,0.8009600043296814,0.47999998927116394,0.44306,0.428,0.52954,0.4883,0.53908,0.4836,0.61592,0.5028,0.65288,0.5027,0.72114,0.4793
8,69,True,0.8066800236701965,0.4706000089645386,0.4441,0.4278,0.5285,0.4911,0.53706,0.48,0.61524,0.5026,0.65488,0.5065,0.72022,0.4726
8,70,True,0.8089600205421448,0.4733000099658966,0.44296,0.4258,0.52854,0.4889,0.53742,0.4835,0.6162,0.5046,0.6556,0.5073,0.72548,0.4835
8,71,True,0.8113399744033813,0.4708999991416931,0.44208,0.4269,0.52928,0.4923,0.53568,0.4802,0.6125,0.5025,0.6529,0.505,0.71458,0.481
8,72,True,0.8165799975395203,0.47189998626708984,0.44136,0.4272,0.52776,0.4896,0.53492,0.4824,0.61236,0.5005,0.65316,0.5023,0.721,0.4786
8,73,True,0.8148599863052368,0.4747999906539917,0.44174,0.4279,0.529,0.4887,0.5356,0.4831,0.61166,0.497,0.6521,0.5026,0.71458,0.4761
8,74,True,0.8218799829483032,0.47040000557899475,0.44256,0.426,0.52818,0.4889,0.53756,0.4829,0.61286,0.4987,0.6548,0.5002,0.72556,0.4779
8,75,True,0.8184599876403809,0.47679999470710754,0.44266,0.4274,0.52786,0.4881,0.5356,0.4803,0.61254,0.4959,0.65226,0.4995,0.72214,0.484
8,76,True,0.8196600079536438,0.46950000524520874,0.4425,0.4274,0.52796,0.486,0.53704,0.482,0.61218,0.4965,0.65242,0.4984,0.72238,0.4757
8,77,True,0.8270000219345093,0.4731999933719635,0.44196,0.4285,0.52926,0.4869,0.5394,0.4849,0.6175,0.4991,0.65928,0.5017,0.73814,0.4803
8,78,True,0.8309400081634521,0.4722999930381775,0.44234,0.4261,0.52738,0.4867,0.53582,0.4757,0.61272,0.4963,0.65406,0.5004,0.7258,0.477
8,79,True,0.8308600187301636,0.4702000021934509,0.44252,0.4248,0.52856,0.487,0.53602,0.4844,0.61284,0.5009,0.65316,0.502,0.71476,0.4757
8,80,True,0.832360029220581,0.46880000829696655,0.4443,0.4267,0.5274,0.4907,0.53622,0.4833,0.61602,0.4992,0.65728,0.504,0.7377,0.476
8,81,True,0.8324599862098694,0.46970000863075256,0.44368,0.427,0.52864,0.4857,0.5377,0.4851,0.61546,0.4974,0.65714,0.4983,0.73124,0.4792
8,82,True,0.8424000144004822,0.46309998631477356,0.44198,0.4273,0.52834,0.4878,0.53346,0.4786,0.60516,0.496,0.64224,0.5003,0.68254,0.4742
8,83,True,0.8433600068092346,0.4650999903678894,0.44188,0.4271,0.5264,0.4869,0.536,0.4799,0.61304,0.4981,0.65334,0.5029,0.72018,0.4756
8,84,True,0.8329200148582458,0.46160000562667847,0.44446,0.4272,0.5279,0.4878,0.53342,0.4816,0.61052,0.496,0.65058,0.4953,0.72828,0.4769
8,85,True,0.8435400128364563,0.4684999883174896,0.44232,0.4279,0.52752,0.49,0.53394,0.481,0.6116,0.4985,0.65748,0.5004,0.72684,0.4759
8,86,True,0.8426200151443481,0.4629000127315521,0.44236,0.4293,0.528,0.4859,0.5368,0.4801,0.61276,0.4985,0.65706,0.5008,0.72752,0.4793
8,87,True,0.8462200164794922,0.46709999442100525,0.4422,0.4284,0.52756,0.4855,0.53834,0.4836,0.61582,0.4972,0.65806,0.4983,0.73656,0.474
8,88,True,0.8449199795722961,0.4634000062942505,0.44354,0.4257,0.5276,0.4883,0.53658,0.4813,0.61582,0.5,0.65696,0.5008,0.73154,0.4737
8,89,True,0.8517000079154968,0.46650001406669617,0.44286,0.4277,0.52748,0.4881,0.53668,0.4793,0.61742,0.4957,0.65974,0.5032,0.74326,0.479
8,90,True,0.8498600125312805,0.4706000089645386,0.44242,0.4276,0.52692,0.4873,0.53672,0.4809,0.61584,0.4995,0.6598,0.5,0.74718,0.4768
8,91,True,0.8511599898338318,0.4684000015258789,0.44328,0.4249,0.5275,0.4864,0.537,0.479,0.61622,0.4958,0.6603,0.5014,0.74352,0.4745
8,92,True,0.8571599721908569,0.453000009059906,0.44342,0.4265,0.52756,0.488,0.53598,0.4826,0.61406,0.5004,0.65714,0.5011,0.73198,0.4674
8,93,True,0.8489800095558167,0.46950000524520874,0.44396,0.4271,0.5287,0.4891,0.5372,0.4836,0.61702,0.5008,0.66068,0.5041,0.74582,0.4786
8,94,True,0.8615400195121765,0.4620000123977661,0.4429,0.4288,0.52736,0.4916,0.53672,0.4847,0.61242,0.4975,0.65686,0.4999,0.73968,0.4759
8,95,True,0.8616200089454651,0.47540000081062317,0.44404,0.4282,0.5287,0.4878,0.53972,0.4838,0.62146,0.5018,0.66456,0.5033,0.76836,0.4798
8,96,True,0.8602200150489807,0.46880000829696655,0.4427,0.4245,0.527,0.4884,0.53468,0.4814,0.6143,0.5001,0.65654,0.5004,0.7392,0.4709
8,97,True,0.8538399934768677,0.46639999747276306,0.44198,0.4276,0.52684,0.4876,0.53346,0.4785,0.61044,0.4988,0.65284,0.4977,0.73122,0.4739
8,98,True,0.8599200248718262,0.47049999237060547,0.44314,0.4279,0.52836,0.4875,0.53826,0.4847,0.61718,0.5005,0.66234,0.503,0.75668,0.4767
8,99,True,0.8643199801445007,0.46700000762939453,0.44322,0.4269,0.52824,0.4877,0.53586,0.4801,0.61536,0.5006,0.65996,0.5021,0.7486,0.4724
8,100,True,0.8639199733734131,0.4675999879837036,0.44384,0.4263,0.528,0.489,0.53718,0.4807,0.6204,0.4981,0.66436,0.4979,0.7636,0.4794
9,0,True,0.10450000315904617,0.10379999876022339,0.39588,0.3886,0.42184,0.4002,0.37826,0.3717,0.36256,0.3588,0.38296,0.3722,0.3483,0.3394
9,1,True,0.3022400140762329,0.3513999879360199,0.38002,0.3812,0.44116,0.4299,0.40216,0.395,0.40746,0.4027,0.42402,0.4096,0.4017,0.3979
9,2,True,0.37623998522758484,0.3873000144958496,0.39688,0.4006,0.46364,0.4508,0.43014,0.4285,0.43834,0.4334,0.45102,0.4388,0.43268,0.4299
9,3,True,0.40832000970840454,0.4269999861717224,0.40622,0.4062,0.47584,0.4627,0.44956,0.4477,0.4627,0.4556,0.47734,0.4634,0.4586,0.4524
9,4,True,0.43577998876571655,0.44699999690055847,0.41176,0.4032,0.48562,0.4733,0.46324,0.4579,0.47872,0.4668,0.49248,0.4746,0.47588,0.4661
9,5,True,0.4548400044441223,0.44269999861717224,0.41892,0.4101,0.49202,0.4753,0.4732,0.4638,0.49232,0.4793,0.50438,0.4847,0.4877,0.4747
9,6,True,0.4653800129890442,0.4620000123977661,0.42222,0.4121,0.4974,0.4779,0.48204,0.4732,0.50266,0.4828,0.5165,0.4865,0.50466,0.4822
9,7,True,0.4786800146102905,0.4546000063419342,0.4241,0.4168,0.50046,0.4821,0.48478,0.4744,0.5094,0.4858,0.52178,0.4929,0.5078,0.4858
9,8,True,0.4871399998664856,0.4742000102996826,0.42834,0.4171,0.50522,0.4816,0.48842,0.4756,0.5158,0.4906,0.52958,0.499,0.5173,0.494
9,9,True,0.49470001459121704,0.46939998865127563,0.43062,0.4167,0.50626,0.4837,0.49088,0.4722,0.5205,0.4911,0.53478,0.4954,0.5231,0.4879
9,10,True,0.5074399709701538,0.4803999960422516,0.43026,0.4207,0.50752,0.4836,0.5016,0.4807,0.53052,0.4961,0.54696,0.5045,0.53288,0.4983
9,11,True,0.5144199728965759,0.4909999966621399,0.43068,0.4166,0.51,0.4852,0.50114,0.4819,0.53856,0.5022,0.55188,0.5052,0.54118,0.4992
9,12,True,0.5246999859809875,0.48840001225471497,0.43162,0.4198,0.51288,0.4862,0.5058,0.4838,0.5419,0.5018,0.55652,0.5046,0.54724,0.5001
9,13,True,0.5302600264549255,0.4699999988079071,0.4318,0.4166,0.5118,0.4864,0.50548,0.48,0.5419,0.4972,0.55602,0.5042,0.54362,0.4956
9,14,True,0.5352200269699097,0.49470001459121704,0.4308,0.4165,0.51432,0.4897,0.51434,0.4848,0.5556,0.5063,0.57136,0.5117,0.56514,0.5082
9,15,True,0.5435400009155273,0.5019999742507935,0.43204,0.42,0.51734,0.4887,0.51446,0.486,0.55752,0.5084,0.5766,0.5168,0.56696,0.5091
9,16,True,0.5501000285148621,0.49219998717308044,0.43252,0.4209,0.51862,0.4864,0.51652,0.4858,0.56118,0.5121,0.58062,0.5177,0.57644,0.5101
9,17,True,0.5589799880981445,0.4878000020980835,0.43484,0.4203,0.51766,0.4839,0.51144,0.4798,0.56034,0.5074,0.57914,0.5128,0.56928,0.5066
9,18,True,0.5613200068473816,0.4952999949455261,0.43198,0.417,0.51686,0.489,0.5177,0.4909,0.56756,0.513,0.58572,0.5104,0.58122,0.5097
9,19,True,0.5674800276756287,0.4871000051498413,0.43278,0.4188,0.51772,0.4875,0.5148,0.485,0.56658,0.5086,0.5849,0.5112,0.57794,0.5034
9,20,True,0.5738599896430969,0.501800000667572,0.43304,0.4184,0.51904,0.4875,0.51854,0.4849,0.57384,0.5095,0.59514,0.5128,0.59276,0.5051
9,21,True,0.5822399854660034,0.499099999666214,0.43408,0.4191,0.5196,0.4873,0.52418,0.4899,0.57632,0.5061,0.59754,0.5105,0.59742,0.5076
9,22,True,0.5883399844169617,0.5092999935150146,0.43344,0.4196,0.52094,0.4856,0.52512,0.4894,0.58428,0.5124,0.60626,0.5195,0.6094,0.5127
9,23,True,0.5924000144004822,0.499099999666214,0.4332,0.4207,0.5225,0.4887,0.5238,0.4835,0.57812,0.507,0.59946,0.5123,0.59534,0.4995
9,24,True,0.6011800169944763,0.49630001187324524,0.4333,0.4212,0.52158,0.4887,0.52086,0.4877,0.57666,0.5057,0.59794,0.5115,0.59828,0.4987
9,25,True,0.6060600280761719,0.513700008392334,0.43438,0.4196,0.521,0.4873,0.52514,0.4887,0.58646,0.5102,0.61104,0.5192,0.61422,0.5144
9,26,True,0.6120799779891968,0.49480000138282776,0.43332,0.4191,0.52176,0.4861,0.5231,0.4836,0.58632,0.5048,0.6101,0.5122,0.61242,0.5034
9,27,True,0.6170200109481812,0.5012999773025513,0.43414,0.4195,0.52216,0.4864,0.52546,0.4871,0.58862,0.5093,0.6134,0.5144,0.6162,0.4969
9,28,True,0.622160017490387,0.4966999888420105,0.43128,0.4207,0.52114,0.486,0.5241,0.4869,0.5891,0.5118,0.61336,0.5155,0.62496,0.5049
9,29,True,0.6336600184440613,0.5037999749183655,0.433,0.4183,0.52314,0.4903,0.52428,0.4895,0.58972,0.5114,0.61518,0.5135,0.62642,0.5105
9,30,True,0.6350399851799011,0.4932999908924103,0.43252,0.4199,0.52184,0.4885,0.5263,0.4872,0.5913,0.5117,0.61944,0.5135,0.6265,0.4974
9,31,True,0.6403800249099731,0.49059998989105225,0.4336,0.4182,0.52068,0.4845,0.52584,0.4864,0.58878,0.5106,0.61518,0.513,0.62622,0.5009
9,32,True,0.6483799815177917,0.49810001254081726,0.43372,0.4204,0.52172,0.4859,0.52708,0.4866,0.60078,0.5096,0.63,0.5152,0.64232,0.5025
9,33,True,0.6523200273513794,0.4970000088214874,0.43374,0.4197,0.52298,0.4869,0.52576,0.4905,0.59848,0.5177,0.62508,0.515,0.63676,0.5033
9,34,True,0.6590999960899353,0.4977000057697296,0.43192,0.4202,0.52454,0.4881,0.52776,0.4847,0.60002,0.5119,0.62864,0.5145,0.64176,0.5045
9,35,True,0.6653599739074707,0.4934999942779541,0.4348,0.42,0.5241,0.4875,0.53042,0.4844,0.60388,0.508,0.63504,0.5123,0.65608,0.5003
9,36,True,0.6724399924278259,0.49300000071525574,0.433,0.4212,0.52338,0.4854,0.52532,0.4892,0.59648,0.5081,0.62724,0.5142,0.6438,0.5037
9,37,True,0.673520028591156,0.49630001187324524,0.43322,0.4214,0.52354,0.4893,0.52794,0.4827,0.59912,0.5053,0.62864,0.5129,0.65518,0.5009
9,38,True,0.6820399761199951,0.5020999908447266,0.43548,0.4227,0.52316,0.4897,0.52986,0.4865,0.60566,0.5072,0.63684,0.5185,0.66512,0.4986
9,39,True,0.6874200105667114,0.47679999470710754,0.4344,0.4202,0.52276,0.4874,0.52634,0.486,0.59694,0.5086,0.62778,0.5133,0.6472,0.4996
9,40,True,0.690779983997345,0.4851999878883362,0.43456,0.4186,0.52372,0.4836,0.52968,0.4844,0.60194,0.5051,0.63442,0.5099,0.65724,0.4955
9,41,True,0.6942600011825562,0.47940000891685486,0.43452,0.4219,0.52224,0.4893,0.5271,0.4833,0.59922,0.5082,0.6307,0.5166,0.65032,0.4934
9,42,True,0.7026799917221069,0.4968999922275543,0.4346,0.4196,0.52386,0.4842,0.53146,0.4888,0.60802,0.5113,0.6426,0.5148,0.6751,0.5018
9,43,True,0.7076600193977356,0.4862000048160553,0.43442,0.4216,0.52392,0.4849,0.53028,0.4892,0.60374,0.5073,0.63888,0.5124,0.67386,0.4959
9,44,True,0.7120000123977661,0.482699990272522,0.43328,0.4207,0.52366,0.4856,0.5259,0.4821,0.6,0.5084,0.63498,0.5123,0.6648,0.4913
9,45,True,0.7183200120925903,0.4927999973297119,0.43352,0.4199,0.5243,0.4846,0.53054,0.4871,0.6067,0.5114,0.64314,0.5148,0.68258,0.4952
9,46,True,0.7187399864196777,0.49140000343322754,0.43404,0.4211,0.52436,0.4852,0.52796,0.4879,0.6083,0.5074,0.64142,0.5144,0.67416,0.4919
9,47,True,0.7266600131988525,0.4934999942779541,0.43448,0.4217,0.5232,0.486,0.5288,0.4884,0.60732,0.5123,0.64248,0.5137,0.67926,0.4945
9,48,True,0.7305999994277954,0.49219998717308044,0.43476,0.4171,0.52444,0.4867,0.53036,0.4879,0.60746,0.5083,0.64412,0.5138,0.68388,0.497
9,49,True,0.7402399778366089,0.4787999987602234,0.434,0.418,0.52422,0.4903,0.52812,0.4863,0.60408,0.5026,0.6397,0.5089,0.6715,0.4934
9,50,True,0.737060010433197,0.48489999771118164,0.4354,0.4209,0.52294,0.483,0.52862,0.4863,0.60894,0.5056,0.64668,0.5135,0.68798,0.483
9,51,True,0.7445799708366394,0.491100013256073,0.43316,0.4176,0.52254,0.4861,0.52848,0.4845,0.61132,0.5099,0.64968,0.5139,0.69316,0.4936
9,52,True,0.7506200075149536,0.48339998722076416,0.4329,0.4196,0.52366,0.4856,0.52992,0.4891,0.60976,0.5076,0.64964,0.5079,0.69392,0.4918
9,53,True,0.7537199854850769,0.4724000096321106,0.43412,0.4185,0.52418,0.4848,0.5314,0.4886,0.60602,0.505,0.64362,0.5084,0.6793,0.4888
9,54,True,0.7536600232124329,0.483599990606308,0.43374,0.4199,0.52438,0.486,0.52848,0.4815,0.60646,0.503,0.64558,0.5116,0.68502,0.4873
9,55,True,0.7606800198554993,0.4853000044822693,0.43314,0.4185,0.52242,0.4875,0.53064,0.4874,0.60958,0.5072,0.64934,0.5099,0.70032,0.4871
9,56,True,0.766219973564148,0.47290000319480896,0.43362,0.4213,0.52296,0.4879,0.5289,0.4856,0.60764,0.5077,0.64444,0.5073,0.69142,0.4858
9,57,True,0.7704200148582458,0.48969998955726624,0.43396,0.4195,0.52398,0.4869,0.5301,0.4859,0.61322,0.5058,0.64976,0.5117,0.7026,0.4912
9,58,True,0.764519989490509,0.47369998693466187,0.43468,0.4198,0.5237,0.4875,0.52986,0.4852,0.6072,0.5082,0.6406,0.5142,0.68128,0.4872
9,59,True,0.7726200222969055,0.4814000129699707,0.43478,0.4218,0.52362,0.4861,0.53098,0.4869,0.60886,0.5094,0.64604,0.5107,0.696,0.4851
9,60,True,0.7740600109100342,0.4830000102519989,0.4331,0.4192,0.5241,0.4879,0.5321,0.4875,0.61306,0.5099,0.65146,0.5114,0.70678,0.4865
9,61,True,0.7811200022697449,0.4749000072479248,0.43446,0.4224,0.52208,0.486,0.52974,0.4824,0.61334,0.5088,0.65152,0.5113,0.70506,0.4844
9,62,True,0.7839599847793579,0.484499990940094,0.4336,0.4187,0.52388,0.486,0.53072,0.4843,0.61406,0.5053,0.65368,0.5106,0.71294,0.4875
9,63,True,0.7853599786758423,0.4869999885559082,0.43316,0.4207,0.52392,0.4863,0.52982,0.4837,0.61368,0.5098,0.65324,0.5094,0.71752,0.4883
9,64,True,0.7909799814224243,0.47269999980926514,0.43246,0.4209,0.52296,0.4864,0.52944,0.486,0.61024,0.5107,0.64992,0.5133,0.7028,0.4855
9,65,True,0.7984399795532227,0.47200000286102295,0.43394,0.4198,0.52454,0.4882,0.53062,0.4856,0.61338,0.5074,0.65524,0.5125,0.71906,0.48
9,66,True,0.7968199849128723,0.48069998621940613,0.4333,0.4211,0.52454,0.4866,0.53024,0.4819,0.61426,0.5085,0.65504,0.51,0.7215,0.4837
9,67,True,0.7955800294876099,0.47040000557899475,0.43402,0.4232,0.52434,0.488,0.53008,0.484,0.6101,0.5019,0.6485,0.5079,0.70542,0.475
9,68,True,0.7982000112533569,0.4659999907016754,0.43362,0.4215,0.52224,0.486,0.52832,0.482,0.60576,0.5011,0.64506,0.5022,0.69616,0.4788
9,69,True,0.8040400147438049,0.474700003862381,0.43378,0.4214,0.52268,0.4875,0.53032,0.4853,0.6135,0.5081,0.65434,0.5071,0.72192,0.4797
9,70,True,0.8054199814796448,0.47350001335144043,0.43358,0.4198,0.52272,0.488,0.5302,0.483,0.61382,0.5054,0.66124,0.5084,0.7352,0.4778
9,71,True,0.8065000176429749,0.47200000286102295,0.43384,0.4207,0.5214,0.4845,0.53154,0.481,0.61088,0.5062,0.65446,0.5107,0.72108,0.4757
9,72,True,0.8110600113868713,0.4715000092983246,0.43342,0.4199,0.5234,0.4874,0.52744,0.4811,0.60974,0.5008,0.6492,0.5044,0.70484,0.4753
9,73,True,0.8165799975395203,0.47200000286102295,0.43306,0.4199,0.52176,0.4856,0.5281,0.4809,0.60844,0.5059,0.65136,0.5085,0.71124,0.4804
9,74,True,0.8158199787139893,0.4691999852657318,0.43292,0.4225,0.52284,0.485,0.52784,0.4834,0.61322,0.5086,0.65788,0.5092,0.72812,0.4807
9,75,True,0.817300021648407,0.47600001096725464,0.43326,0.4226,0.5229,0.4871,0.5314,0.4863,0.61444,0.5091,0.6586,0.51,0.7325,0.4752
9,76,True,0.8245800137519836,0.46970000863075256,0.43354,0.4222,0.52292,0.4867,0.52854,0.4847,0.61082,0.5087,0.65216,0.513,0.7211,0.4781
9,77,True,0.8245999813079834,0.47119998931884766,0.43386,0.4219,0.52334,0.4856,0.5295,0.4833,0.61184,0.507,0.6531,0.5122,0.7227,0.4747
9,78,True,0.8162000179290771,0.46540001034736633,0.43282,0.422,0.52162,0.4885,0.52948,0.4817,0.61352,0.5039,0.65696,0.5096,0.72992,0.4696
9,79,True,0.823419988155365,0.477400004863739,0.43264,0.4197,0.52208,0.483,0.5271,0.4817,0.61208,0.5099,0.65542,0.5112,0.73002,0.476
9,80,True,0.8323799967765808,0.47620001435279846,0.4331,0.4203,0.5224,0.4873,0.53114,0.4817,0.61902,0.5063,0.66392,0.5076,0.74732,0.475
9,81,True,0.827019989490509,0.46950000524520874,0.43314,0.4199,0.52262,0.4852,0.5279,0.4823,0.61152,0.5065,0.65418,0.5086,0.7267,0.4756
9,82,True,0.8320000171661377,0.47099998593330383,0.43424,0.4211,0.52262,0.4869,0.53082,0.4819,0.61778,0.5044,0.66026,0.5079,0.74686,0.4697
9,83,True,0.8326399922370911,0.4645000100135803,0.43352,0.4199,0.5219,0.4883,0.52908,0.4854,0.6149,0.5062,0.66044,0.5059,0.7428,0.4725
9,84,True,0.8375999927520752,0.4681999981403351,0.43262,0.421,0.52174,0.4852,0.52888,0.4842,0.61196,0.505,0.65524,0.5065,0.72818,0.4753
9,85,True,0.8382599949836731,0.4684999883174896,0.43362,0.4203,0.52248,0.4826,0.5278,0.4827,0.61072,0.506,0.65278,0.5077,0.71868,0.4766
9,86,True,0.8408399820327759,0.4706999957561493,0.43356,0.4186,0.5229,0.4833,0.52826,0.485,0.61502,0.5055,0.65814,0.5099,0.73686,0.4795
9,87,True,0.8433600068092346,0.46549999713897705,0.43334,0.4205,0.5235,0.4856,0.52934,0.4843,0.6182,0.5036,0.66294,0.5073,0.75126,0.4745
9,88,True,0.838100016117096,0.4699000120162964,0.43292,0.42,0.52272,0.4877,0.52812,0.4814,0.61568,0.501,0.66138,0.5043,0.74292,0.4735
9,89,True,0.8431599736213684,0.4675999879837036,0.43304,0.4221,0.52256,0.4865,0.52664,0.4821,0.61224,0.5027,0.65532,0.5069,0.72606,0.4747
9,90,True,0.847100019454956,0.4618000090122223,0.43456,0.4213,0.52244,0.4851,0.53074,0.4824,0.6134,0.5046,0.65702,0.508,0.7342,0.4701
9,91,True,0.8572199940681458,0.4657999873161316,0.43178,0.4187,0.52274,0.487,0.52856,0.481,0.61,0.5014,0.65678,0.5097,0.73232,0.4678
9,92,True,0.8460599780082703,0.4715000092983246,0.43206,0.4198,0.52142,0.4833,0.5279,0.4792,0.6123,0.5027,0.6544,0.5086,0.73192,0.4717
9,93,True,0.8505799770355225,0.4699000120162964,0.4346,0.421,0.52242,0.485,0.53096,0.4829,0.61918,0.5061,0.66302,0.5078,0.75906,0.4719
9,94,True,0.851639986038208,0.46160000562667847,0.4338,0.4213,0.5223,0.4886,0.52828,0.482,0.61282,0.5031,0.65864,0.5065,0.73834,0.465
9,95,True,0.8511000275611877,0.4577000141143799,0.43246,0.4198,0.52252,0.4857,0.52654,0.482,0.61104,0.5001,0.65542,0.5047,0.72396,0.4663
9,96,True,0.8557599782943726,0.4731000065803528,0.43386,0.4229,0.52242,0.4836,0.5307,0.4808,0.6176,0.5039,0.66256,0.5072,0.75382,0.4734
9,97,True,0.8626999855041504,0.46140000224113464,0.43368,0.4219,0.52226,0.4827,0.52634,0.4817,0.61346,0.5029,0.65602,0.5093,0.73882,0.4657
9,98,True,0.8583400249481201,0.46070000529289246,0.43336,0.4193,0.52274,0.486,0.52956,0.4822,0.61498,0.5,0.65972,0.5062,0.74068,0.4698
9,99,True,0.8565000295639038,0.4569000005722046,0.43366,0.4221,0.52194,0.4875,0.53066,0.4809,0.61852,0.5053,0.66318,0.5096,0.75346,0.4696
9,100,True,0.8529599905014038,0.46619999408721924,0.4332,0.4232,0.52236,0.4882,0.5267,0.48,0.6127,0.5038,0.6555,0.5068,0.7389,0.4627
10,0,True,0.09719999879598618,0.09749999642372131,0.39228,0.3878,0.41812,0.3972,0.3724,0.3624,0.36708,0.3597,0.38592,0.3706,0.34606,0.3424
10,1,True,0.3106200098991394,0.3668999969959259,0.38496,0.3873,0.44472,0.4349,0.40684,0.4065,0.4174,0.4138,0.4308,0.4209,0.40802,0.4054
10,2,True,0.3838199973106384,0.4187000095844269,0.40256,0.4022,0.46646,0.4553,0.43196,0.4303,0.44394,0.4428,0.45728,0.445,0.439,0.4375
10,3,True,0.4129199981689453,0.4049000144004822,0.4115,0.4077,0.47694,0.4641,0.44626,0.4381,0.46146,0.4517,0.47534,0.4594,0.45244,0.4462
10,4,True,0.4350599944591522,0.45419999957084656,0.41756,0.4088,0.48816,0.4726,0.46214,0.4584,0.48172,0.4717,0.49572,0.4835,0.48038,0.4734
10,5,True,0.4525600075721741,0.4546000063419342,0.42368,0.417,0.49348,0.4772,0.47238,0.4625,0.49002,0.4752,0.50532,0.4836,0.48904,0.47
10,6,True,0.46502000093460083,0.47049999237060547,0.42542,0.4189,0.5006,0.4779,0.4797,0.4661,0.50142,0.4859,0.51394,0.4925,0.4998,0.4802
10,7,True,0.4740000069141388,0.47119998931884766,0.42748,0.4241,0.50088,0.4837,0.48566,0.4719,0.5093,0.4909,0.52156,0.4926,0.50716,0.4864
10,8,True,0.4857800006866455,0.48170000314712524,0.429,0.4213,0.50526,0.4803,0.48972,0.472,0.51766,0.4958,0.52952,0.4993,0.5205,0.4916
10,9,True,0.4943400025367737,0.4666000008583069,0.43188,0.4218,0.5075,0.4796,0.49486,0.4764,0.52144,0.4955,0.53374,0.4985,0.51922,0.4917
10,10,True,0.5049399733543396,0.4749000072479248,0.43694,0.4258,0.5101,0.4881,0.4985,0.4773,0.5275,0.4953,0.53988,0.505,0.5293,0.4944
10,11,True,0.5119199752807617,0.46880000829696655,0.43554,0.4212,0.50932,0.4828,0.50382,0.4779,0.53552,0.4979,0.54564,0.5007,0.53274,0.4977
10,12,True,0.5199400186538696,0.49239999055862427,0.43814,0.4277,0.51446,0.4872,0.50906,0.4849,0.54306,0.5031,0.55734,0.5095,0.54674,0.5015
10,13,True,0.5246400237083435,0.48350000381469727,0.4345,0.4262,0.51356,0.4848,0.50666,0.4812,0.54266,0.4975,0.55538,0.5065,0.5454,0.4978
10,14,True,0.5373600125312805,0.49480000138282776,0.44104,0.4309,0.51718,0.49,0.51214,0.4798,0.55214,0.5045,0.56602,0.5085,0.55742,0.5033
10,15,True,0.5414800047874451,0.49129998683929443,0.44132,0.4285,0.5195,0.4926,0.51376,0.4834,0.55298,0.5054,0.56888,0.5092,0.55898,0.5052
10,16,True,0.5481799840927124,0.4984999895095825,0.43794,0.4246,0.519,0.4889,0.51682,0.4869,0.55556,0.5034,0.57148,0.5071,0.56178,0.5051
10,17,True,0.5566200017929077,0.4957999885082245,0.4428,0.4309,0.52066,0.4922,0.51842,0.4804,0.55882,0.5103,0.57478,0.5145,0.56612,0.5061
10,18,True,0.5609999895095825,0.4925000071525574,0.4425,0.4251,0.52052,0.489,0.52058,0.4837,0.5627,0.5098,0.57844,0.511,0.57164,0.5104
10,19,True,0.5677599906921387,0.49140000343322754,0.44238,0.428,0.5226,0.4904,0.52322,0.4856,0.57146,0.5071,0.58928,0.5136,0.58202,0.5101
10,20,True,0.5722600221633911,0.49939998984336853,0.44298,0.4284,0.52246,0.4904,0.52616,0.4845,0.57352,0.5078,0.59292,0.512,0.5929,0.5086
10,21,True,0.5758000016212463,0.5026999711990356,0.44436,0.4277,0.52364,0.4909,0.5257,0.4872,0.57332,0.5116,0.5948,0.5163,0.59432,0.5113
10,22,True,0.5875599980354309,0.49059998989105225,0.44452,0.4288,0.52556,0.485,0.52302,0.484,0.57214,0.5103,0.5902,0.5136,0.58532,0.508
10,23,True,0.5911200046539307,0.508400022983551,0.4435,0.4278,0.52606,0.4924,0.53124,0.4865,0.581,0.5117,0.60162,0.5135,0.60222,0.5131
10,24,True,0.5972999930381775,0.4950999915599823,0.44588,0.4291,0.52436,0.4872,0.52972,0.489,0.57822,0.5096,0.59716,0.5134,0.59552,0.5076
10,25,True,0.599839985370636,0.5030999779701233,0.44454,0.4276,0.52544,0.4904,0.53364,0.4861,0.5862,0.5153,0.60804,0.5147,0.6136,0.5112
10,26,True,0.6093000173568726,0.49480000138282776,0.44398,0.428,0.52668,0.4893,0.53546,0.4863,0.5874,0.5147,0.6079,0.5174,0.60674,0.51
10,27,True,0.6124600172042847,0.49869999289512634,0.44566,0.4289,0.52558,0.4914,0.53028,0.4901,0.58362,0.5081,0.60282,0.5128,0.60406,0.5047
10,28,True,0.6162999868392944,0.4968000054359436,0.44438,0.4303,0.52508,0.4903,0.53588,0.4858,0.58778,0.5093,0.6107,0.5127,0.61682,0.5036
10,29,True,0.6252999901771545,0.5062999725341797,0.44346,0.429,0.52566,0.4926,0.53394,0.4866,0.5932,0.5087,0.61766,0.5153,0.62836,0.506
10,30,True,0.6278200149536133,0.5001000165939331,0.44494,0.4295,0.5281,0.4912,0.53726,0.4857,0.59668,0.511,0.62208,0.5189,0.63664,0.5093
10,31,True,0.6324399709701538,0.4993000030517578,0.44494,0.4269,0.52736,0.4898,0.53658,0.4858,0.59158,0.509,0.61672,0.5156,0.6306,0.5091
10,32,True,0.6380199790000916,0.49380001425743103,0.4455,0.4286,0.52832,0.4872,0.53344,0.4847,0.59158,0.5094,0.61596,0.507,0.62826,0.4927
10,33,True,0.6478400230407715,0.4984000027179718,0.4439,0.4297,0.52848,0.4911,0.53368,0.4848,0.59582,0.5071,0.62524,0.5178,0.63836,0.5079
10,34,True,0.6509199738502502,0.4973999857902527,0.44532,0.4287,0.52788,0.491,0.5369,0.4873,0.5984,0.5153,0.6247,0.5168,0.64122,0.5026
10,35,True,0.6578999757766724,0.48730000853538513,0.44448,0.4313,0.52894,0.4907,0.53164,0.4836,0.59058,0.5061,0.61636,0.5086,0.62766,0.5005
10,36,True,0.6610400080680847,0.4952000081539154,0.44534,0.4283,0.52788,0.4873,0.53296,0.4842,0.59328,0.5061,0.61862,0.5111,0.63928,0.5016
10,37,True,0.6654199957847595,0.4848000109195709,0.44608,0.4296,0.52778,0.4918,0.53614,0.488,0.60012,0.5099,0.62668,0.5135,0.64958,0.4959
10,38,True,0.6715800166130066,0.499099999666214,0.44566,0.4286,0.52762,0.4941,0.53798,0.4868,0.601,0.5091,0.62838,0.516,0.65148,0.5001
10,39,True,0.6772800087928772,0.48660001158714294,0.4448,0.4284,0.52836,0.4931,0.53684,0.4832,0.60254,0.5106,0.62894,0.5124,0.65124,0.5
10,40,True,0.6832000017166138,0.490200012922287,0.4459,0.4296,0.52752,0.4924,0.53494,0.485,0.5984,0.5089,0.6288,0.5147,0.6519,0.4999
10,41,True,0.6860399842262268,0.4805000126361847,0.44486,0.4264,0.5296,0.4926,0.5353,0.4798,0.59612,0.5043,0.62496,0.5089,0.64226,0.4924
10,42,True,0.6928399801254272,0.48809999227523804,0.44552,0.4296,0.529,0.4888,0.53708,0.4828,0.5992,0.5018,0.63064,0.5114,0.65012,0.4931
10,43,True,0.6942999958992004,0.48339998722076416,0.44582,0.4279,0.52942,0.4879,0.53602,0.487,0.59888,0.5066,0.62838,0.5144,0.65096,0.4949
10,44,True,0.6997399926185608,0.4916999936103821,0.44562,0.4293,0.52858,0.4886,0.5359,0.4827,0.60252,0.5061,0.63392,0.512,0.66286,0.4922
10,45,True,0.7041400074958801,0.4918999969959259,0.446,0.4275,0.52968,0.4895,0.53824,0.4845,0.6069,0.5131,0.63944,0.5146,0.67846,0.4941
10,46,True,0.713919997215271,0.48969998955726624,0.446,0.4294,0.52814,0.4915,0.53682,0.4866,0.60164,0.5097,0.63296,0.5171,0.66306,0.4889
10,47,True,0.7134000062942505,0.49410000443458557,0.44556,0.4282,0.52814,0.4947,0.5389,0.4838,0.60742,0.5077,0.6393,0.5162,0.67946,0.5007
10,48,True,0.7174199819564819,0.492000013589859,0.4454,0.4293,0.52838,0.4925,0.53866,0.4874,0.60532,0.5066,0.63892,0.5178,0.6757,0.4954
10,49,True,0.7227200269699097,0.48100000619888306,0.44608,0.4289,0.52754,0.4921,0.5385,0.4834,0.60582,0.506,0.64036,0.5152,0.68012,0.4908
10,50,True,0.7292600274085999,0.48080000281333923,0.44506,0.426,0.5291,0.4915,0.53504,0.4842,0.6032,0.5057,0.63296,0.5115,0.65952,0.4924
10,51,True,0.7276600003242493,0.4832000136375427,0.4442,0.4248,0.52942,0.4913,0.53728,0.4812,0.60458,0.5048,0.63892,0.514,0.67776,0.4915
10,52,True,0.7364000082015991,0.48730000853538513,0.44532,0.4294,0.52916,0.4923,0.53882,0.4848,0.60772,0.5093,0.64418,0.5151,0.6882,0.4897
10,53,True,0.7418199777603149,0.4867999851703644,0.4431,0.4252,0.52988,0.4865,0.536,0.4872,0.60406,0.5066,0.63994,0.5148,0.68236,0.4927
10,54,True,0.7450399994850159,0.4918000102043152,0.44506,0.4287,0.52966,0.4906,0.5384,0.4869,0.60726,0.507,0.64234,0.5151,0.68406,0.4889
10,55,True,0.7455000281333923,0.4864000082015991,0.44502,0.4282,0.52954,0.4914,0.53706,0.4862,0.60538,0.5078,0.64112,0.5131,0.6825,0.4869
10,56,True,0.751259982585907,0.4794999957084656,0.44428,0.4279,0.52922,0.4896,0.53468,0.4854,0.60296,0.5007,0.63814,0.5113,0.67802,0.484
10,57,True,0.7569800019264221,0.48590001463890076,0.4454,0.4289,0.52878,0.4938,0.53826,0.4836,0.60666,0.5027,0.64422,0.5102,0.69102,0.4897
10,58,True,0.7616000175476074,0.48019999265670776,0.44408,0.4275,0.5296,0.4896,0.53892,0.4817,0.6059,0.5081,0.64466,0.5157,0.69138,0.4904
10,59,True,0.7664200067520142,0.48730000853538513,0.44334,0.4278,0.52842,0.4892,0.5386,0.4848,0.60756,0.5065,0.64344,0.5112,0.69374,0.4873
10,60,True,0.7674599885940552,0.498199999332428,0.44496,0.4252,0.52988,0.4905,0.53774,0.483,0.60934,0.5059,0.64846,0.5132,0.70396,0.492
10,61,True,0.7649999856948853,0.48539999127388,0.44412,0.4274,0.52936,0.4899,0.53816,0.4809,0.60958,0.506,0.64724,0.5133,0.70222,0.4836
10,62,True,0.7746400237083435,0.47940000891685486,0.4452,0.426,0.5298,0.4923,0.53826,0.4835,0.60982,0.5049,0.64514,0.5134,0.70484,0.4883
10,63,True,0.7788000106811523,0.4837999939918518,0.44418,0.4288,0.52904,0.4905,0.53672,0.4837,0.60504,0.5027,0.64222,0.51,0.69378,0.4847
10,64,True,0.7803800106048584,0.4767000079154968,0.44482,0.427,0.5297,0.4915,0.53688,0.4824,0.60738,0.5037,0.6445,0.5149,0.70434,0.4838
10,65,True,0.7817800045013428,0.4699000120162964,0.44438,0.4271,0.5287,0.4883,0.53536,0.4797,0.6031,0.4987,0.63944,0.5097,0.68028,0.4801
10,66,True,0.7827000021934509,0.47760000824928284,0.44518,0.426,0.5302,0.4899,0.53654,0.4831,0.60836,0.5045,0.64608,0.5145,0.7032,0.4796
10,67,True,0.7897599935531616,0.4814000129699707,0.44484,0.4284,0.5291,0.4902,0.53952,0.4831,0.61052,0.5057,0.64956,0.5129,0.71048,0.4873
10,68,True,0.790440022945404,0.48080000281333923,0.44394,0.425,0.5293,0.4905,0.53774,0.4822,0.6083,0.5071,0.64542,0.5142,0.70536,0.4829
10,69,True,0.7919800281524658,0.4810999929904938,0.4444,0.4254,0.529,0.4893,0.538,0.4832,0.60732,0.5052,0.64798,0.5103,0.71246,0.4878
10,70,True,0.7947800159454346,0.483599990606308,0.44448,0.4241,0.52952,0.4913,0.53824,0.4818,0.60944,0.5094,0.64506,0.5169,0.69942,0.4877
10,71,True,0.796239972114563,0.47909998893737793,0.44288,0.4238,0.52868,0.4913,0.53556,0.4805,0.60754,0.5026,0.6428,0.5093,0.70524,0.4855
10,72,True,0.8000800013542175,0.4790000021457672,0.4454,0.4259,0.52948,0.4911,0.53912,0.4833,0.61142,0.5025,0.65076,0.516,0.72044,0.4779
10,73,True,0.8037599921226501,0.46799999475479126,0.44432,0.4259,0.52966,0.4891,0.53748,0.4831,0.60922,0.5056,0.64704,0.5123,0.70584,0.481
10,74,True,0.8104400038719177,0.47429999709129333,0.44514,0.426,0.52864,0.49,0.53772,0.4821,0.6083,0.5044,0.64754,0.5138,0.71276,0.4919
10,75,True,0.8091599941253662,0.4839000105857849,0.44428,0.4254,0.52984,0.4929,0.54006,0.4856,0.6125,0.5014,0.65108,0.513,0.7286,0.4841
10,76,True,0.8116199970245361,0.482699990272522,0.44526,0.4264,0.52948,0.4896,0.5393,0.484,0.6089,0.5043,0.6494,0.5161,0.71842,0.4842
10,77,True,0.8162599802017212,0.47519999742507935,0.44428,0.4267,0.52832,0.4879,0.53808,0.4795,0.60896,0.5021,0.64826,0.5148,0.70834,0.4807
10,78,True,0.8124200105667114,0.47620001435279846,0.44424,0.4268,0.52828,0.4904,0.539,0.4825,0.613,0.503,0.65252,0.5114,0.72114,0.4792
10,79,True,0.8168799877166748,0.48159998655319214,0.44394,0.428,0.52948,0.4888,0.53846,0.4818,0.61182,0.5091,0.65436,0.5124,0.73156,0.4881
10,80,True,0.8197199702262878,0.4677000045776367,0.4441,0.4266,0.52864,0.4898,0.53762,0.4787,0.60794,0.5007,0.64848,0.5053,0.71132,0.4784
10,81,True,0.82396000623703,0.482699990272522,0.44418,0.4277,0.53028,0.4906,0.53626,0.4807,0.60952,0.5043,0.65022,0.5084,0.72364,0.484
10,82,True,0.8264600038528442,0.483599990606308,0.44428,0.4285,0.52992,0.4915,0.53972,0.485,0.61298,0.5072,0.65606,0.5106,0.73626,0.4851
10,83,True,0.8216599822044373,0.4851999878883362,0.44492,0.4245,0.53006,0.489,0.53994,0.4841,0.61246,0.5059,0.65578,0.5124,0.73622,0.4869
10,84,True,0.8319600224494934,0.46790000796318054,0.44396,0.4272,0.52932,0.4896,0.5369,0.481,0.6094,0.5022,0.64594,0.5047,0.7107,0.4789
10,85,True,0.8256000280380249,0.4749999940395355,0.44458,0.4259,0.53024,0.4916,0.54128,0.482,0.6152,0.502,0.65728,0.5111,0.7444,0.4768
10,86,True,0.828540027141571,0.47269999980926514,0.44344,0.4257,0.5308,0.4907,0.53466,0.4821,0.61196,0.5025,0.65354,0.51,0.7282,0.4778
10,87,True,0.8285199999809265,0.47429999709129333,0.44348,0.4268,0.52854,0.489,0.53732,0.48,0.61076,0.501,0.65124,0.5098,0.72628,0.4819
10,88,True,0.8309199810028076,0.4677000045776367,0.44366,0.4291,0.5286,0.4914,0.53608,0.4816,0.60856,0.5056,0.64914,0.5109,0.72248,0.473
10,89,True,0.8406599760055542,0.4666000008583069,0.44492,0.426,0.52866,0.4913,0.536,0.4822,0.60906,0.5011,0.65046,0.5098,0.725,0.4788
10,90,True,0.8352800011634827,0.4731999933719635,0.44534,0.4264,0.53042,0.4901,0.53764,0.4829,0.60898,0.5041,0.65074,0.5137,0.73126,0.4819
10,91,True,0.8392599821090698,0.4708999991416931,0.4434,0.4256,0.52868,0.4918,0.53892,0.4833,0.61124,0.5034,0.65452,0.5106,0.7379,0.4746
10,92,True,0.8388000130653381,0.4745999872684479,0.4431,0.4252,0.5309,0.4928,0.53814,0.4848,0.61236,0.5076,0.65676,0.511,0.74054,0.4795
10,93,True,0.8440999984741211,0.46889999508857727,0.44314,0.4241,0.52872,0.4897,0.53608,0.4821,0.60456,0.5026,0.64546,0.5082,0.713,0.477
10,94,True,0.8385599851608276,0.47510001063346863,0.44432,0.4252,0.53104,0.4887,0.53738,0.4793,0.61134,0.5004,0.65518,0.5073,0.73666,0.4769
10,95,True,0.8478999733924866,0.4659000039100647,0.44442,0.4251,0.52904,0.4913,0.53616,0.4821,0.61194,0.5085,0.65474,0.5133,0.73648,0.4763
10,96,True,0.8463600277900696,0.4729999899864197,0.44518,0.4252,0.52912,0.4921,0.53744,0.4793,0.612,0.5002,0.65432,0.5095,0.73666,0.4794
10,97,True,0.8493599891662598,0.47360000014305115,0.4432,0.4253,0.53006,0.4911,0.53882,0.4837,0.61118,0.5044,0.6545,0.5112,0.74178,0.4788
10,98,True,0.8447200059890747,0.4675999879837036,0.44444,0.4257,0.52928,0.49,0.53556,0.4812,0.60722,0.5026,0.6508,0.5078,0.72756,0.475
10,99,True,0.8558200001716614,0.47040000557899475,0.44382,0.4249,0.52934,0.4922,0.53736,0.4817,0.61242,0.5044,0.65328,0.5084,0.74682,0.4784
10,100,True,0.8520399928092957,0.47609999775886536,0.44348,0.4247,0.53018,0.4902,0.53886,0.4807,0.6106,0.5068,0.65336,0.5134,0.7374,0.4811
11,0,True,0.10678000003099442,0.10819999873638153,0.39716,0.3826,0.42398,0.4006,0.37368,0.3668,0.36636,0.353,0.38462,0.3621,0.35134,0.3359
11,1,True,0.31558001041412354,0.3271999955177307,0.38958,0.3909,0.4514,0.4433,0.41312,0.4107,0.41962,0.4139,0.43398,0.4254,0.41016,0.4073
11,2,True,0.3895399868488312,0.40939998626708984,0.40284,0.4042,0.46876,0.4603,0.43668,0.4364,0.4487,0.4482,0.46184,0.4585,0.44532,0.4456
11,3,True,0.4217199981212616,0.4221999943256378,0.41768,0.4141,0.48172,0.4711,0.45326,0.4508,0.46496,0.4568,0.48008,0.465,0.46024,0.4572
11,4,True,0.44058001041412354,0.43650001287460327,0.42222,0.42,0.48966,0.479,0.46422,0.462,0.48262,0.4734,0.49548,0.4776,0.47964,0.4726
11,5,True,0.4545600116252899,0.45410001277923584,0.4238,0.4215,0.49442,0.4812,0.47696,0.4682,0.4961,0.4832,0.51082,0.49,0.49522,0.48
11,6,True,0.47049999237060547,0.45809999108314514,0.42636,0.4246,0.49796,0.482,0.48128,0.4699,0.50702,0.4869,0.51952,0.4918,0.50602,0.488
11,7,True,0.48245999217033386,0.4708000123500824,0.42864,0.4212,0.49882,0.4825,0.4808,0.4657,0.50876,0.4892,0.52444,0.4943,0.51024,0.4879
11,8,True,0.4924199879169464,0.4645000100135803,0.43312,0.427,0.50322,0.486,0.4865,0.4755,0.51112,0.4962,0.52608,0.5002,0.51356,0.4907
11,9,True,0.5026199817657471,0.4943999946117401,0.43358,0.4231,0.50732,0.4863,0.49648,0.474,0.52748,0.5004,0.54552,0.5099,0.53586,0.505
11,10,True,0.5087599754333496,0.4708000123500824,0.43628,0.429,0.51108,0.4824,0.4975,0.4771,0.52974,0.5011,0.54432,0.5042,0.5339,0.5003
11,11,True,0.5198799967765808,0.48170000314712524,0.43662,0.4228,0.51018,0.4796,0.49954,0.4753,0.5331,0.4996,0.54932,0.5074,0.53718,0.4966
11,12,True,0.5287600159645081,0.4885999858379364,0.43646,0.4289,0.51356,0.4851,0.50614,0.4734,0.53982,0.503,0.5584,0.5094,0.55422,0.4978
11,13,True,0.5339199900627136,0.4957999885082245,0.4393,0.4285,0.51502,0.4865,0.51202,0.4743,0.54818,0.5059,0.5657,0.5136,0.55724,0.5072
11,14,True,0.540120005607605,0.49129998683929443,0.43946,0.4277,0.51618,0.4908,0.51648,0.4841,0.55332,0.5066,0.57152,0.5118,0.56648,0.5095
11,15,True,0.5478399991989136,0.4941999912261963,0.43764,0.427,0.51624,0.4884,0.51456,0.4843,0.55578,0.5034,0.57176,0.5134,0.56404,0.5014
11,16,True,0.5526999831199646,0.498199999332428,0.44102,0.4281,0.51842,0.4884,0.52038,0.4859,0.56336,0.5086,0.58162,0.5138,0.57746,0.5054
11,17,True,0.561739981174469,0.5024999976158142,0.44156,0.4304,0.5181,0.4905,0.52288,0.4873,0.5699,0.5153,0.58788,0.5199,0.58744,0.5105
11,18,True,0.567520022392273,0.5027999877929688,0.44022,0.43,0.52088,0.4917,0.52306,0.4884,0.57016,0.5179,0.58946,0.5173,0.58758,0.5136
11,19,True,0.5748999714851379,0.5033000111579895,0.44048,0.4291,0.523,0.4875,0.52496,0.4862,0.57432,0.5135,0.59418,0.5167,0.5942,0.5116
11,20,True,0.579800009727478,0.499099999666214,0.4408,0.4298,0.5222,0.4883,0.52398,0.4887,0.57136,0.5106,0.59342,0.5195,0.59582,0.5123
11,21,True,0.5898399949073792,0.5002999901771545,0.44114,0.4236,0.5227,0.4871,0.52392,0.4824,0.57804,0.5127,0.5985,0.5184,0.59992,0.5074
11,22,True,0.5920199751853943,0.49880000948905945,0.4414,0.4247,0.5217,0.4874,0.52818,0.4848,0.57828,0.5161,0.59888,0.5135,0.59992,0.5049
11,23,True,0.5974199771881104,0.5041999816894531,0.44194,0.4285,0.52392,0.4889,0.52904,0.4852,0.58552,0.5147,0.6081,0.5182,0.6131,0.5089
11,24,True,0.6066399812698364,0.5024999976158142,0.43926,0.427,0.52612,0.4911,0.52802,0.4823,0.58438,0.5093,0.60748,0.5133,0.61082,0.5031
11,25,True,0.611519992351532,0.4925999939441681,0.44136,0.4263,0.5241,0.4845,0.53238,0.4894,0.58932,0.5103,0.61226,0.5149,0.61802,0.5037
11,26,True,0.6155999898910522,0.5024999976158142,0.44032,0.426,0.52428,0.4875,0.53182,0.4893,0.5929,0.5145,0.61792,0.5173,0.62816,0.507
11,27,True,0.6250799894332886,0.4957999885082245,0.44206,0.4225,0.52564,0.4913,0.5296,0.4825,0.59136,0.5122,0.61568,0.5123,0.62586,0.5014
11,28,True,0.6309400200843811,0.4909000098705292,0.43858,0.4203,0.52504,0.4876,0.5286,0.4879,0.5868,0.5101,0.61068,0.5116,0.61326,0.4999
11,29,True,0.633899986743927,0.5011000037193298,0.43838,0.4236,0.52544,0.4889,0.53634,0.4872,0.59964,0.5107,0.62652,0.5137,0.64064,0.5022
11,30,True,0.6383200287818909,0.49380001425743103,0.44088,0.4246,0.52404,0.4888,0.52932,0.4849,0.59408,0.5096,0.61998,0.5122,0.6291,0.495
11,31,True,0.6434599757194519,0.5015000104904175,0.44066,0.4221,0.526,0.4908,0.53552,0.4837,0.60326,0.5132,0.63106,0.513,0.64692,0.5084
11,32,True,0.6527000069618225,0.49729999899864197,0.4397,0.4246,0.52644,0.4902,0.53518,0.484,0.60366,0.5139,0.63502,0.5127,0.65282,0.4999
11,33,True,0.6572800278663635,0.4943000078201294,0.43964,0.4231,0.52624,0.489,0.53548,0.4847,0.60214,0.5138,0.6313,0.5146,0.64604,0.5015
11,34,True,0.6636199951171875,0.5001000165939331,0.44036,0.4272,0.52678,0.4887,0.53362,0.4872,0.5993,0.511,0.62452,0.5138,0.646,0.5053
11,35,True,0.6682599782943726,0.4903999865055084,0.4412,0.4249,0.52622,0.4903,0.53772,0.4842,0.6048,0.5095,0.63302,0.5112,0.65528,0.4956
11,36,True,0.6755800247192383,0.49709999561309814,0.44096,0.4256,0.52592,0.4893,0.53358,0.4817,0.6051,0.5058,0.64048,0.5124,0.66276,0.5038
11,37,True,0.6809399724006653,0.5008000135421753,0.44014,0.4249,0.52646,0.489,0.53552,0.4859,0.60754,0.5153,0.63782,0.5139,0.66518,0.5007
11,38,True,0.6828600168228149,0.4973999857902527,0.44096,0.425,0.52536,0.4883,0.53704,0.4848,0.60396,0.5113,0.63528,0.5139,0.65892,0.4972
11,39,True,0.6932399868965149,0.4941999912261963,0.4419,0.4251,0.52766,0.4933,0.54058,0.4845,0.61114,0.5109,0.64514,0.5096,0.67316,0.4993
11,40,True,0.6957600116729736,0.5034999847412109,0.44018,0.4234,0.52708,0.4894,0.53694,0.4843,0.61216,0.5094,0.6482,0.5121,0.67726,0.4972
11,41,True,0.7035999894142151,0.4959999918937683,0.44082,0.4253,0.52604,0.4872,0.54042,0.4847,0.60636,0.5071,0.63716,0.5099,0.65954,0.4913
11,42,True,0.7056400179862976,0.49709999561309814,0.44188,0.4271,0.52582,0.4909,0.5388,0.4829,0.60882,0.5104,0.64006,0.514,0.67126,0.4967
11,43,True,0.7126200199127197,0.4909999966621399,0.44124,0.4232,0.52756,0.49,0.54062,0.4843,0.6142,0.5156,0.64796,0.5125,0.68326,0.4926
11,44,True,0.7201799750328064,0.48669999837875366,0.44118,0.4242,0.52706,0.4892,0.53874,0.4854,0.61052,0.5077,0.64458,0.5078,0.67774,0.4899
11,45,True,0.7215200066566467,0.4814000129699707,0.4409,0.4252,0.52828,0.4902,0.53856,0.4851,0.60788,0.5081,0.64176,0.5075,0.66928,0.4901
11,46,True,0.7255399823188782,0.49079999327659607,0.43966,0.4243,0.52758,0.4882,0.53658,0.4815,0.61186,0.5111,0.6453,0.5095,0.67346,0.4921
11,47,True,0.7338399887084961,0.48890000581741333,0.43982,0.4223,0.52834,0.4887,0.53968,0.4829,0.6169,0.5078,0.65206,0.5067,0.68958,0.4928
11,48,True,0.7394599914550781,0.47940000891685486,0.44112,0.4278,0.5263,0.4903,0.5374,0.4856,0.60952,0.511,0.64318,0.5124,0.67526,0.49
11,49,True,0.741100013256073,0.48240000009536743,0.43974,0.4237,0.52758,0.4881,0.54004,0.4816,0.61622,0.5078,0.653,0.5076,0.69208,0.4882
11,50,True,0.7433599829673767,0.4794999957084656,0.44008,0.4263,0.52638,0.4871,0.5369,0.4788,0.61238,0.5074,0.64768,0.5058,0.68134,0.4841
11,51,True,0.747160017490387,0.48159998655319214,0.44016,0.4249,0.52804,0.4875,0.53856,0.4824,0.61898,0.5092,0.65646,0.5127,0.70018,0.4848
11,52,True,0.7552599906921387,0.4749999940395355,0.4389,0.4214,0.52682,0.4852,0.53916,0.478,0.61002,0.5018,0.64398,0.5055,0.6793,0.4846
11,53,True,0.756659984588623,0.489300012588501,0.43918,0.4223,0.5276,0.4865,0.53852,0.4817,0.6179,0.5062,0.65506,0.5086,0.69608,0.4859
11,54,True,0.763979971408844,0.486299991607666,0.43878,0.4236,0.5275,0.4872,0.53978,0.4842,0.61984,0.5083,0.65866,0.5101,0.70902,0.4907
11,55,True,0.7639399766921997,0.4794999957084656,0.43948,0.4243,0.52728,0.4856,0.53824,0.4819,0.61474,0.5094,0.6521,0.5071,0.69378,0.4874
11,56,True,0.7684800028800964,0.4803999960422516,0.43956,0.4236,0.5284,0.4873,0.54094,0.483,0.61806,0.5078,0.65792,0.5091,0.70602,0.4794
11,57,True,0.7680799961090088,0.48330000042915344,0.4401,0.4252,0.52722,0.4865,0.54108,0.4842,0.62034,0.5114,0.6588,0.5135,0.71016,0.4881
11,58,True,0.7726600170135498,0.47859999537467957,0.43982,0.4247,0.52786,0.4893,0.54072,0.486,0.61652,0.5102,0.6541,0.5113,0.70186,0.4849
11,59,True,0.776419997215271,0.47760000824928284,0.43904,0.4254,0.52682,0.4877,0.53804,0.4831,0.6157,0.5066,0.65524,0.5042,0.69842,0.4823
11,60,True,0.7795000076293945,0.4830000102519989,0.4381,0.424,0.52756,0.485,0.5404,0.4848,0.61442,0.5089,0.65294,0.5111,0.69714,0.4841
11,61,True,0.782800018787384,0.4799000024795532,0.44108,0.4238,0.52822,0.4863,0.54102,0.4848,0.61952,0.5053,0.65614,0.5089,0.70718,0.4814
11,62,True,0.7899600267410278,0.491100013256073,0.4398,0.4251,0.52744,0.4869,0.54248,0.4872,0.61912,0.5033,0.65832,0.507,0.70974,0.4813
11,63,True,0.788320004940033,0.4796000123023987,0.43962,0.422,0.52742,0.4863,0.5418,0.4849,0.62162,0.5062,0.66108,0.5127,0.7197,0.4808
11,64,True,0.7880200147628784,0.48820000886917114,0.44164,0.424,0.52812,0.4876,0.54066,0.4851,0.62254,0.5083,0.66324,0.511,0.72186,0.4832
11,65,True,0.795520007610321,0.4763999879360199,0.43958,0.4247,0.52662,0.4857,0.54266,0.4827,0.62056,0.505,0.66132,0.5035,0.72428,0.48
11,66,True,0.8000199794769287,0.47540000081062317,0.44042,0.425,0.52758,0.4876,0.54024,0.4843,0.61838,0.5053,0.65972,0.5073,0.71774,0.4782
11,67,True,0.8030800223350525,0.48179998993873596,0.43942,0.4249,0.526,0.4861,0.5412,0.4867,0.62032,0.5084,0.66466,0.5104,0.72612,0.4834
11,68,True,0.8079000115394592,0.47279998660087585,0.43992,0.4247,0.52632,0.483,0.54096,0.4853,0.61092,0.5037,0.6507,0.5092,0.69344,0.475
11,69,True,0.8054999709129333,0.4796000123023987,0.43898,0.4245,0.52874,0.4849,0.5422,0.4859,0.62284,0.5089,0.66516,0.5104,0.72798,0.48
11,70,True,0.8103600144386292,0.48420000076293945,0.44102,0.4258,0.52846,0.4873,0.54252,0.4832,0.6259,0.5086,0.66844,0.5098,0.73896,0.4805
11,71,True,0.8128200173377991,0.4749000072479248,0.43958,0.4252,0.52588,0.4881,0.54244,0.4798,0.6192,0.5116,0.65962,0.5079,0.71556,0.4804
11,72,True,0.8087400197982788,0.4742000102996826,0.43954,0.4242,0.52694,0.4891,0.54092,0.4857,0.6231,0.5074,0.66264,0.5069,0.72044,0.4756
11,73,True,0.8132200241088867,0.48010000586509705,0.43866,0.4217,0.52548,0.4869,0.54112,0.482,0.62404,0.5065,0.66602,0.5074,0.7336,0.4799
11,74,True,0.8218200206756592,0.4767000079154968,0.43888,0.4232,0.52598,0.4867,0.54092,0.4803,0.61986,0.5036,0.66198,0.5072,0.72776,0.4761
11,75,True,0.8247600197792053,0.4758000075817108,0.44014,0.4234,0.52732,0.4861,0.54096,0.4794,0.62042,0.5015,0.66158,0.5048,0.72084,0.4778
11,76,True,0.8265399932861328,0.4731999933719635,0.43996,0.4235,0.52718,0.4849,0.54034,0.4844,0.6218,0.5057,0.66468,0.5077,0.72746,0.476
11,77,True,0.8257799744606018,0.4708000123500824,0.43856,0.4222,0.52658,0.4861,0.54292,0.4838,0.62204,0.5081,0.66356,0.5104,0.73682,0.4748
11,78,True,0.8309199810028076,0.47859999537467957,0.43958,0.4249,0.5274,0.4878,0.54094,0.4818,0.621,0.5049,0.66468,0.5086,0.72932,0.4744
11,79,True,0.8255599737167358,0.4681999981403351,0.4392,0.4246,0.52636,0.4829,0.54016,0.4817,0.62128,0.503,0.66446,0.5059,0.7262,0.4759
11,80,True,0.8304799795150757,0.47360000014305115,0.44108,0.4279,0.52818,0.4844,0.53944,0.4803,0.62156,0.5078,0.6629,0.5057,0.72702,0.4747
11,81,True,0.8291199803352356,0.46950000524520874,0.43934,0.4244,0.52658,0.4839,0.5419,0.4811,0.62422,0.5044,0.66798,0.5092,0.73912,0.4732
11,82,True,0.8357200026512146,0.4699000120162964,0.43948,0.4221,0.52666,0.4875,0.53774,0.4821,0.6141,0.5018,0.65692,0.5061,0.71004,0.4738
11,83,True,0.8307399749755859,0.476500004529953,0.44108,0.4253,0.52812,0.4837,0.54118,0.4827,0.62106,0.5045,0.66558,0.5076,0.73082,0.4718
11,84,True,0.837939977645874,0.47589999437332153,0.44006,0.4256,0.52746,0.4852,0.53996,0.4827,0.62002,0.504,0.66258,0.5025,0.7289,0.4742
11,85,True,0.8399199843406677,0.4643999934196472,0.44042,0.4213,0.52814,0.4857,0.54054,0.4846,0.62266,0.5074,0.6687,0.5107,0.73886,0.4774
11,86,True,0.8387200236320496,0.4627000093460083,0.43874,0.4204,0.52588,0.4825,0.53994,0.4781,0.61894,0.5056,0.6592,0.5073,0.72366,0.4736
11,87,True,0.851639986038208,0.4821000099182129,0.44058,0.4234,0.52754,0.4874,0.54246,0.4876,0.62598,0.5085,0.67182,0.5071,0.75558,0.4723
11,88,True,0.8496000170707703,0.4661000072956085,0.43962,0.4228,0.52712,0.4864,0.54046,0.4829,0.62376,0.5051,0.66562,0.504,0.73588,0.4723
11,89,True,0.8483200073242188,0.4763999879360199,0.44002,0.4234,0.5272,0.4842,0.54244,0.4816,0.6249,0.5052,0.67086,0.5068,0.74916,0.4772
11,90,True,0.8483200073242188,0.47369998693466187,0.4396,0.4236,0.52642,0.4853,0.54138,0.4851,0.62156,0.5076,0.666,0.5079,0.73878,0.4747
11,91,True,0.8506199717521667,0.47929999232292175,0.43918,0.4233,0.52664,0.4864,0.54188,0.4802,0.6225,0.5052,0.66666,0.5107,0.74636,0.4806
11,92,True,0.8418599963188171,0.474700003862381,0.43952,0.4232,0.52598,0.4864,0.5435,0.4803,0.62432,0.5039,0.67018,0.5095,0.74892,0.4776
11,93,True,0.8521599769592285,0.47620001435279846,0.43876,0.4211,0.52742,0.485,0.54,0.4811,0.61894,0.501,0.66336,0.5041,0.73532,0.4734
11,94,True,0.8550999760627747,0.4745999872684479,0.43874,0.4221,0.52584,0.4844,0.54208,0.4802,0.62192,0.5014,0.67076,0.51,0.7478,0.4774
11,95,True,0.8609200119972229,0.4706999957561493,0.43852,0.4227,0.5281,0.4876,0.5436,0.4818,0.62228,0.5033,0.66952,0.5075,0.74302,0.4701
11,96,True,0.8590199947357178,0.478300005197525,0.43898,0.4237,0.5263,0.4864,0.5409,0.4796,0.62128,0.5051,0.664,0.5066,0.7401,0.4747
11,97,True,0.8579800128936768,0.4740000069141388,0.43944,0.4232,0.52736,0.4839,0.54024,0.4814,0.6187,0.5051,0.66138,0.511,0.73472,0.4741
11,98,True,0.8634200096130371,0.47209998965263367,0.43946,0.4227,0.52642,0.4856,0.54026,0.477,0.62184,0.5044,0.66486,0.5076,0.73814,0.4764
11,99,True,0.8625800013542175,0.47440001368522644,0.43846,0.4233,0.52654,0.4862,0.54134,0.4829,0.62088,0.5066,0.66506,0.5091,0.73976,0.4761
11,100,True,0.8671200275421143,0.46860000491142273,0.4399,0.4227,0.5269,0.4882,0.54332,0.4831,0.62414,0.507,0.669,0.5081,0.75754,0.4737
12,0,True,0.10007999837398529,0.09989999979734421,0.39938,0.3941,0.4234,0.4064,0.37866,0.3766,0.36868,0.3679,0.38762,0.3789,0.35016,0.3476
12,1,True,0.30404001474380493,0.35659998655319214,0.3797,0.3856,0.44158,0.4376,0.40338,0.4081,0.41176,0.4097,0.42956,0.4153,0.4067,0.4048
12,2,True,0.38137999176979065,0.41920000314712524,0.3995,0.4039,0.46556,0.4557,0.43334,0.4275,0.44286,0.4382,0.45512,0.4466,0.43934,0.4345
12,3,True,0.4089199900627136,0.4097999930381775,0.41144,0.4094,0.477,0.4661,0.44742,0.4428,0.46148,0.4589,0.47282,0.4635,0.45536,0.4502
12,4,True,0.4327000081539154,0.4603999853134155,0.41904,0.416,0.4854,0.4746,0.46226,0.4569,0.4801,0.4694,0.49302,0.4749,0.4785,0.469
12,5,True,0.44971999526023865,0.4715000092983246,0.42366,0.4198,0.4936,0.479,0.47226,0.4645,0.49516,0.4857,0.50914,0.4887,0.49468,0.4836
12,6,True,0.4672999978065491,0.46059998869895935,0.42466,0.4228,0.496,0.4773,0.47918,0.4704,0.50254,0.4838,0.515,0.4908,0.50366,0.4829
12,7,True,0.4770199954509735,0.4659999907016754,0.42704,0.4208,0.50054,0.4825,0.4839,0.468,0.51166,0.4902,0.52556,0.4978,0.51272,0.4927
12,8,True,0.4869999885559082,0.4781000018119812,0.42784,0.4276,0.50554,0.4852,0.48956,0.4748,0.5208,0.4939,0.53482,0.4973,0.5234,0.4961
12,9,True,0.49685999751091003,0.4862000048160553,0.43302,0.4241,0.50512,0.486,0.49022,0.474,0.52226,0.4971,0.5357,0.5029,0.52512,0.496
12,10,True,0.5043799877166748,0.48669999837875366,0.43374,0.4275,0.50836,0.4885,0.49662,0.482,0.53468,0.5041,0.54828,0.5078,0.5392,0.5053
12,11,True,0.5152400135993958,0.47839999198913574,0.43156,0.4252,0.5098,0.4826,0.4948,0.4772,0.53024,0.4979,0.54478,0.5019,0.53142,0.4939
12,12,True,0.5209599733352661,0.47040000557899475,0.43066,0.422,0.51148,0.4874,0.4982,0.4742,0.53714,0.5039,0.55122,0.5082,0.53858,0.4979
12,13,True,0.5280799865722656,0.492000013589859,0.4339,0.424,0.51328,0.4874,0.50634,0.484,0.54824,0.5091,0.56438,0.5179,0.55836,0.5102
12,14,True,0.5356000065803528,0.5016000270843506,0.43408,0.428,0.51422,0.4906,0.50768,0.486,0.54904,0.5117,0.56836,0.5143,0.5615,0.5074
12,15,True,0.5440199971199036,0.4968999922275543,0.43508,0.4233,0.51452,0.4902,0.50836,0.4815,0.55286,0.5082,0.5713,0.51,0.5645,0.5071
12,16,True,0.5462599992752075,0.48570001125335693,0.4325,0.4216,0.51508,0.4921,0.5083,0.4796,0.55378,0.5062,0.57266,0.5099,0.56302,0.494
12,17,True,0.5543799996376038,0.4961000084877014,0.43534,0.4248,0.51738,0.489,0.5129,0.4811,0.56156,0.5075,0.58112,0.5129,0.57626,0.5068
12,18,True,0.5597400069236755,0.48570001125335693,0.43502,0.4254,0.51772,0.4903,0.51598,0.4836,0.56276,0.5066,0.58208,0.5082,0.57828,0.5038
12,19,True,0.5720599889755249,0.49000000953674316,0.4353,0.4243,0.51992,0.4917,0.51806,0.4858,0.5684,0.5072,0.58888,0.5126,0.5852,0.5056
12,20,True,0.5724200010299683,0.49239999055862427,0.43444,0.4215,0.51948,0.491,0.51446,0.4868,0.5666,0.511,0.58592,0.5162,0.58334,0.5081
12,21,True,0.5782399773597717,0.5069000124931335,0.43458,0.4241,0.52078,0.4913,0.52148,0.4823,0.57408,0.507,0.59608,0.511,0.5991,0.5076
12,22,True,0.5825999975204468,0.5062999725341797,0.4347,0.4229,0.5205,0.4918,0.51874,0.4869,0.57728,0.5089,0.59956,0.5177,0.60136,0.5067
12,23,True,0.5925400257110596,0.4966000020503998,0.43272,0.4222,0.52026,0.4902,0.51902,0.4862,0.57488,0.5078,0.59798,0.5126,0.59258,0.4961
12,24,True,0.5961199998855591,0.49480000138282776,0.43468,0.4234,0.52112,0.4926,0.52132,0.4888,0.57434,0.5061,0.59932,0.5133,0.6017,0.5087
12,25,True,0.6043999791145325,0.4966000020503998,0.43652,0.4248,0.5219,0.4879,0.52224,0.4856,0.57784,0.5111,0.60216,0.5141,0.60524,0.5053
12,26,True,0.6099200248718262,0.49540001153945923,0.43502,0.4248,0.52064,0.495,0.52108,0.4854,0.57684,0.5082,0.6012,0.5118,0.60216,0.5005
12,27,True,0.6157199740409851,0.49810001254081726,0.4353,0.4248,0.52178,0.493,0.52082,0.4866,0.58194,0.5075,0.60694,0.5152,0.61452,0.502
12,28,True,0.6236400008201599,0.4966000020503998,0.43374,0.4223,0.52176,0.4913,0.52352,0.483,0.58202,0.5062,0.60808,0.5103,0.61048,0.4973
12,29,True,0.6242200136184692,0.5062000155448914,0.43588,0.4223,0.523,0.4935,0.52558,0.4888,0.58586,0.5067,0.6144,0.5101,0.62632,0.5034
12,30,True,0.6312199831008911,0.5013999938964844,0.43364,0.4211,0.5216,0.4917,0.52374,0.485,0.58726,0.5072,0.61422,0.5102,0.62266,0.5031
12,31,True,0.6350600123405457,0.4943999946117401,0.43384,0.4237,0.52248,0.4917,0.526,0.4833,0.5925,0.5078,0.61972,0.5092,0.63216,0.5028
12,32,True,0.6401399970054626,0.49149999022483826,0.43368,0.4222,0.52494,0.4907,0.52706,0.4853,0.58582,0.5068,0.61622,0.5131,0.62738,0.4996
12,33,True,0.6493200063705444,0.49410000443458557,0.43288,0.4197,0.52222,0.4935,0.52354,0.4779,0.58686,0.504,0.61232,0.5078,0.62276,0.4946
12,34,True,0.653659999370575,0.48660001158714294,0.43422,0.421,0.52262,0.4922,0.52518,0.4824,0.58746,0.5023,0.61878,0.5083,0.63204,0.4913
12,35,True,0.655780017375946,0.48249998688697815,0.43308,0.4213,0.52336,0.4933,0.52424,0.4816,0.58926,0.4996,0.61952,0.5075,0.63646,0.4937
12,36,True,0.6642400026321411,0.49059998989105225,0.43286,0.4213,0.52358,0.4903,0.5279,0.4794,0.59604,0.506,0.62674,0.5099,0.64652,0.4983
12,37,True,0.6668400168418884,0.48330000042915344,0.43452,0.4217,0.52294,0.4937,0.52438,0.4798,0.59266,0.5016,0.6239,0.5084,0.64332,0.4894
12,38,True,0.6713399887084961,0.48330000042915344,0.43378,0.4227,0.52278,0.4935,0.52494,0.4846,0.5911,0.5022,0.628,0.5049,0.64472,0.4885
12,39,True,0.6798400282859802,0.4781999886035919,0.4324,0.4205,0.52292,0.491,0.52376,0.4779,0.5921,0.5041,0.6286,0.5075,0.64948,0.49
12,40,True,0.6850000023841858,0.4957999885082245,0.43422,0.4218,0.52338,0.4915,0.53036,0.4839,0.5994,0.5077,0.63504,0.5089,0.65944,0.4967
12,41,True,0.690339982509613,0.48919999599456787,0.4334,0.4207,0.52434,0.4906,0.52926,0.4807,0.59906,0.5028,0.63722,0.5069,0.66346,0.4919
12,42,True,0.6915000081062317,0.4860999882221222,0.4332,0.4196,0.52346,0.491,0.52538,0.4826,0.59696,0.5036,0.63386,0.5068,0.65354,0.4854
12,43,True,0.6985399723052979,0.47530001401901245,0.43498,0.4216,0.52276,0.491,0.52586,0.4781,0.5913,0.495,0.62498,0.5042,0.6389,0.4824
12,44,True,0.7053200006484985,0.4787999987602234,0.43538,0.4215,0.5248,0.4892,0.52538,0.4757,0.5955,0.5047,0.63272,0.5065,0.66016,0.4847
12,45,True,0.7075600028038025,0.47620001435279846,0.43262,0.4212,0.52268,0.489,0.52702,0.482,0.59132,0.5004,0.6247,0.5085,0.64914,0.4844
12,46,True,0.7122200131416321,0.47530001401901245,0.4326,0.4215,0.52354,0.49,0.52732,0.4805,0.59736,0.499,0.63072,0.5019,0.65658,0.4837
12,47,True,0.7139400243759155,0.4772000014781952,0.43494,0.4205,0.5235,0.489,0.52822,0.4793,0.59708,0.5048,0.63356,0.5047,0.66476,0.4833
12,48,True,0.7198200225830078,0.48420000076293945,0.43466,0.4209,0.52344,0.4907,0.53042,0.4804,0.60332,0.5038,0.64126,0.5095,0.6756,0.4821
12,49,True,0.7281000018119812,0.4855000078678131,0.43402,0.4212,0.52388,0.4897,0.52718,0.4833,0.59814,0.5059,0.6392,0.5066,0.6753,0.4874
12,50,True,0.7259399890899658,0.4830999970436096,0.4323,0.4209,0.52274,0.4917,0.52544,0.4736,0.59828,0.5021,0.63648,0.5092,0.67188,0.4819
12,51,True,0.7251600027084351,0.4823000133037567,0.43612,0.4207,0.52206,0.4882,0.52664,0.4791,0.59828,0.5013,0.63808,0.5065,0.67456,0.4833
12,52,True,0.7369599938392639,0.48410001397132874,0.43314,0.4199,0.5238,0.4854,0.52932,0.4797,0.60308,0.5014,0.64054,0.5062,0.68126,0.4837
12,53,True,0.7432600259780884,0.48590001463890076,0.43242,0.4204,0.52414,0.49,0.52806,0.4791,0.60274,0.5025,0.64224,0.5072,0.69134,0.4868
12,54,True,0.7496600151062012,0.46549999713897705,0.4318,0.4194,0.52292,0.4892,0.52498,0.4774,0.5942,0.5002,0.6294,0.5029,0.65726,0.4761
12,55,True,0.7487000226974487,0.46459999680519104,0.43368,0.4191,0.52278,0.4848,0.52686,0.4794,0.599,0.5005,0.6391,0.507,0.67564,0.4711
12,56,True,0.7478399872779846,0.48030000925064087,0.43436,0.4213,0.52448,0.4871,0.52912,0.4795,0.60282,0.498,0.6403,0.5035,0.68636,0.4815
12,57,True,0.7549999952316284,0.47699999809265137,0.43282,0.4199,0.52234,0.4889,0.52664,0.4785,0.60176,0.5001,0.64236,0.5025,0.68728,0.4758
12,58,True,0.7549800276756287,0.47760000824928284,0.4334,0.4207,0.52444,0.4868,0.52824,0.4802,0.6006,0.5035,0.64178,0.5076,0.6856,0.4797
12,59,True,0.7600799798965454,0.47530001401901245,0.43206,0.4206,0.52364,0.4891,0.52714,0.4787,0.59866,0.4988,0.63746,0.5023,0.68356,0.4734
12,60,True,0.7601799964904785,0.47870001196861267,0.4343,0.4201,0.5245,0.4869,0.52868,0.4815,0.59908,0.5016,0.6418,0.5081,0.68324,0.4813
12,61,True,0.7715799808502197,0.47620001435279846,0.43406,0.4227,0.52258,0.4889,0.52776,0.4796,0.60358,0.5002,0.64746,0.5049,0.69608,0.4782
12,62,True,0.769819974899292,0.4749999940395355,0.4337,0.4211,0.52418,0.4893,0.5293,0.4806,0.6028,0.4982,0.64556,0.5077,0.69724,0.4749
12,63,True,0.77183997631073,0.4715999960899353,0.4338,0.4222,0.52346,0.4909,0.5283,0.4789,0.59912,0.4977,0.64276,0.5034,0.68888,0.4735
12,64,True,0.77920001745224,0.47360000014305115,0.43372,0.4201,0.52384,0.4888,0.5288,0.4788,0.60628,0.502,0.64882,0.5045,0.70884,0.4727
12,65,True,0.7848399877548218,0.4675000011920929,0.43366,0.4206,0.524,0.4922,0.52944,0.4794,0.59864,0.5005,0.64194,0.507,0.69234,0.4793
12,66,True,0.7831199765205383,0.4781999886035919,0.43246,0.4202,0.52204,0.4899,0.52952,0.4783,0.60374,0.4985,0.64808,0.5063,0.70706,0.4806
12,67,True,0.7848600149154663,0.46709999442100525,0.4332,0.4209,0.52402,0.4898,0.52898,0.4797,0.60364,0.5011,0.64678,0.5057,0.70698,0.4749
12,68,True,0.7863600254058838,0.47519999742507935,0.43296,0.4209,0.52408,0.4896,0.5278,0.4822,0.60484,0.503,0.6476,0.5077,0.71188,0.4814
12,69,True,0.7960000038146973,0.47049999237060547,0.43388,0.422,0.52348,0.4877,0.52688,0.4805,0.60424,0.5007,0.64222,0.5043,0.70644,0.4783
12,70,True,0.7941799759864807,0.4722000062465668,0.4338,0.4204,0.52292,0.4858,0.52812,0.4802,0.60256,0.5006,0.6463,0.5045,0.70336,0.4744
12,71,True,0.7954400181770325,0.46950000524520874,0.43304,0.4224,0.52308,0.4917,0.52896,0.4818,0.60332,0.4984,0.64586,0.5038,0.70232,0.4748
12,72,True,0.8008999824523926,0.4805000126361847,0.4321,0.4203,0.5225,0.4866,0.5291,0.4823,0.60508,0.5009,0.64856,0.5028,0.70844,0.4781
12,73,True,0.7976999878883362,0.46389999985694885,0.43318,0.4225,0.52412,0.4888,0.5304,0.4816,0.6055,0.5011,0.64882,0.5028,0.71488,0.4694
12,74,True,0.801639974117279,0.46399998664855957,0.43218,0.4223,0.52358,0.4887,0.52826,0.4811,0.60152,0.4984,0.64586,0.5052,0.69848,0.4729
12,75,True,0.8053399920463562,0.47029998898506165,0.43402,0.4202,0.52236,0.4902,0.5274,0.4782,0.60346,0.5007,0.64788,0.5042,0.71508,0.4762
12,76,True,0.8103600144386292,0.46549999713897705,0.43156,0.4216,0.52278,0.4876,0.528,0.4791,0.60046,0.4969,0.64656,0.503,0.70472,0.4699
12,77,True,0.8082000017166138,0.4648999869823456,0.43254,0.4204,0.52288,0.4879,0.52742,0.4803,0.60374,0.4969,0.64844,0.5009,0.7101,0.4726
12,78,True,0.8067799806594849,0.45899999141693115,0.43294,0.4195,0.52278,0.4856,0.52674,0.4781,0.60338,0.4966,0.64678,0.5002,0.7147,0.4725
12,79,True,0.8088399767875671,0.46970000863075256,0.43246,0.4229,0.5224,0.4869,0.52776,0.4792,0.60298,0.4959,0.64834,0.5063,0.71386,0.4751
12,80,True,0.8213199973106384,0.4708999991416931,0.43338,0.4199,0.52242,0.4867,0.52876,0.4785,0.6079,0.4997,0.65484,0.5072,0.73004,0.4708
12,81,True,0.8212199807167053,0.4652999937534332,0.4341,0.4196,0.52258,0.4891,0.5302,0.4796,0.60166,0.499,0.64208,0.5006,0.7072,0.4723
12,82,True,0.8164200186729431,0.4645000100135803,0.433,0.4222,0.52142,0.4881,0.52796,0.4789,0.60396,0.4983,0.64626,0.5019,0.71654,0.4689
12,83,True,0.8267199993133545,0.4603999853134155,0.43334,0.42,0.52294,0.4883,0.5274,0.4784,0.60162,0.4977,0.64594,0.4975,0.7173,0.4719
12,84,True,0.8196799755096436,0.46639999747276306,0.43194,0.4184,0.52312,0.4857,0.529,0.4799,0.60344,0.5,0.64786,0.5016,0.71144,0.4717
12,85,True,0.8249800205230713,0.4609000086784363,0.43242,0.4204,0.52326,0.4872,0.52752,0.4788,0.60544,0.4995,0.65314,0.5035,0.72192,0.4648
12,86,True,0.826960027217865,0.4666999876499176,0.4302,0.4202,0.52198,0.4911,0.52732,0.4768,0.60284,0.4981,0.6505,0.5032,0.7299,0.4693
12,87,True,0.8310800194740295,0.4690999984741211,0.43302,0.4195,0.52318,0.4875,0.52898,0.4789,0.60632,0.5012,0.65284,0.4997,0.7326,0.4716
12,88,True,0.8364599943161011,0.4571000039577484,0.43194,0.4211,0.52268,0.4882,0.52464,0.475,0.60132,0.4982,0.6444,0.4997,0.7057,0.4661
12,89,True,0.8299999833106995,0.4625000059604645,0.43142,0.4176,0.52224,0.4856,0.52758,0.4765,0.60282,0.5013,0.64806,0.5033,0.71828,0.4697
12,90,True,0.8353000283241272,0.4641999900341034,0.43114,0.4175,0.52416,0.4887,0.5285,0.4789,0.60572,0.4979,0.6523,0.5058,0.7375,0.4757
12,91,True,0.8375999927520752,0.46369999647140503,0.4313,0.4214,0.52228,0.4883,0.52704,0.4752,0.60456,0.5008,0.64998,0.5074,0.72238,0.4739
12,92,True,0.8366199731826782,0.4697999954223633,0.43222,0.421,0.52188,0.4903,0.52824,0.4781,0.60662,0.4982,0.65086,0.5028,0.727,0.4776
12,93,True,0.8468800187110901,0.4672999978065491,0.43234,0.4193,0.52402,0.4852,0.52808,0.4776,0.605,0.5001,0.65142,0.5014,0.73314,0.4694
12,94,True,0.8365600109100342,0.45910000801086426,0.43208,0.4206,0.52352,0.4871,0.52702,0.4797,0.60256,0.4972,0.64818,0.4981,0.71832,0.4647
12,95,True,0.8494600057601929,0.4648999869823456,0.43434,0.4215,0.52256,0.4897,0.52826,0.4803,0.60358,0.5004,0.65074,0.498,0.7331,0.4665
12,96,True,0.8468800187110901,0.46209999918937683,0.43166,0.4201,0.52292,0.4855,0.52706,0.477,0.60578,0.4982,0.65422,0.5012,0.73656,0.4711
12,97,True,0.8434600234031677,0.4652000069618225,0.4322,0.4208,0.52356,0.4886,0.52816,0.4834,0.60474,0.499,0.6526,0.5041,0.73298,0.4725
12,98,True,0.8456199765205383,0.4731999933719635,0.43288,0.4209,0.52262,0.4847,0.52708,0.4833,0.6033,0.4995,0.6505,0.5025,0.7316,0.4683
12,99,True,0.8455600142478943,0.4641999900341034,0.43194,0.4218,0.52204,0.4878,0.52536,0.4776,0.60072,0.4969,0.64488,0.4998,0.71876,0.4682
12,100,True,0.8472999930381775,0.46540001034736633,0.43156,0.4188,0.52252,0.4878,0.5272,0.48,0.60744,0.5013,0.65014,0.5057,0.72828,0.4725
13,0,True,0.09359999746084213,0.09040000289678574,0.3992,0.3929,0.42352,0.4047,0.38016,0.373,0.36306,0.3583,0.38186,0.3637,0.34548,0.3349
13,1,True,0.3087800145149231,0.3370000123977661,0.38566,0.3863,0.44358,0.4401,0.40416,0.4018,0.40994,0.4072,0.42532,0.4097,0.40056,0.3967
13,2,True,0.3811799883842468,0.3968000113964081,0.39574,0.3964,0.46536,0.457,0.4296,0.431,0.443,0.4441,0.4544,0.4525,0.43422,0.4355
13,3,True,0.4151799976825714,0.4465000033378601,0.40208,0.4022,0.4792,0.4673,0.45006,0.4466,0.46336,0.4614,0.47852,0.4703,0.4612,0.4606
13,4,True,0.43351998925209045,0.45249998569488525,0.40626,0.4041,0.48566,0.4729,0.45882,0.451,0.4758,0.471,0.4936,0.4805,0.47802,0.4708
13,5,True,0.45155999064445496,0.45649999380111694,0.41196,0.4088,0.48928,0.4767,0.4673,0.457,0.48796,0.4741,0.50384,0.4809,0.48874,0.4753
13,6,True,0.46678000688552856,0.4578999876976013,0.41388,0.4108,0.49478,0.4786,0.472,0.4636,0.49794,0.4848,0.51294,0.4919,0.49772,0.483
13,7,True,0.47411999106407166,0.47200000286102295,0.4158,0.4124,0.49826,0.4799,0.47728,0.4681,0.50698,0.4916,0.52074,0.4989,0.50826,0.4919
13,8,True,0.4851999878883362,0.4713999927043915,0.41866,0.412,0.50002,0.4824,0.48474,0.4668,0.51536,0.4898,0.53112,0.5,0.52158,0.4959
13,9,True,0.49456000328063965,0.48240000009536743,0.41978,0.4145,0.50178,0.4819,0.49094,0.4702,0.5206,0.4984,0.5381,0.503,0.52728,0.4998
13,10,True,0.5062000155448914,0.4860999882221222,0.41958,0.4141,0.5019,0.4847,0.49038,0.4721,0.52346,0.4944,0.53834,0.4986,0.52522,0.4959
13,11,True,0.5140399932861328,0.49399998784065247,0.42096,0.4129,0.50544,0.4878,0.4972,0.4784,0.53552,0.5032,0.55296,0.5078,0.54744,0.5074
13,12,True,0.5202999711036682,0.4966000020503998,0.42074,0.4137,0.50922,0.4865,0.49912,0.478,0.53812,0.5047,0.55334,0.5103,0.54438,0.5069
13,13,True,0.5287200212478638,0.5023999810218811,0.42034,0.4137,0.50842,0.4854,0.50354,0.4828,0.54396,0.5019,0.56084,0.5108,0.55496,0.5056
13,14,True,0.5371400117874146,0.492000013589859,0.42136,0.4137,0.50844,0.484,0.50476,0.4812,0.54852,0.5052,0.56578,0.5127,0.56082,0.5094
13,15,True,0.546180009841919,0.503600001335144,0.42198,0.4129,0.51174,0.4853,0.5051,0.4799,0.5488,0.502,0.5665,0.509,0.56156,0.5033
13,16,True,0.5492799878120422,0.5015000104904175,0.422,0.418,0.5132,0.486,0.51006,0.4799,0.55766,0.5063,0.5748,0.513,0.56872,0.5082
13,17,True,0.5557799935340881,0.5,0.42294,0.4138,0.51412,0.4857,0.5115,0.4825,0.56262,0.5059,0.58162,0.5149,0.57974,0.5069
13,18,True,0.5612599849700928,0.5052000284194946,0.42428,0.4133,0.51604,0.4825,0.51068,0.4797,0.56038,0.5084,0.58046,0.5197,0.57694,0.5033
13,19,True,0.568560004234314,0.4950999915599823,0.42188,0.4169,0.51452,0.4872,0.51248,0.4831,0.5642,0.5072,0.58298,0.5118,0.58174,0.5064
13,20,True,0.5750799775123596,0.5005999803543091,0.42466,0.4169,0.51496,0.4874,0.51398,0.4844,0.56324,0.5104,0.58298,0.5223,0.58222,0.5018
13,21,True,0.5798400044441223,0.5037000179290771,0.42412,0.4153,0.5166,0.4896,0.51828,0.4836,0.57104,0.5154,0.59146,0.514,0.59874,0.5072
13,22,True,0.5856599807739258,0.5066999793052673,0.42394,0.4178,0.51698,0.4886,0.51696,0.4848,0.57102,0.5091,0.59592,0.5185,0.5995,0.5056
13,23,True,0.5954399704933167,0.49720001220703125,0.4228,0.4191,0.51522,0.4894,0.51788,0.485,0.57162,0.5078,0.59536,0.5163,0.59716,0.5055
13,24,True,0.6000999808311462,0.5055999755859375,0.42654,0.4175,0.51702,0.4885,0.51912,0.4898,0.57628,0.5148,0.59946,0.5198,0.60516,0.5097
13,25,True,0.6093000173568726,0.5073999762535095,0.42552,0.417,0.51862,0.4878,0.5194,0.4868,0.5821,0.5147,0.6072,0.5195,0.6147,0.5063
13,26,True,0.6126999855041504,0.4993000030517578,0.42582,0.4191,0.51832,0.4902,0.52106,0.482,0.57944,0.5131,0.6054,0.5152,0.61186,0.5008
13,27,True,0.6176199913024902,0.4916999936103821,0.42212,0.4144,0.51666,0.486,0.5174,0.4808,0.57396,0.5075,0.60044,0.5157,0.6071,0.4987
13,28,True,0.6268399953842163,0.49070000648498535,0.42596,0.4156,0.51942,0.489,0.5218,0.4877,0.58378,0.513,0.61012,0.5185,0.62102,0.5
13,29,True,0.6337199807167053,0.4957999885082245,0.42516,0.4189,0.51962,0.4871,0.5224,0.4829,0.58524,0.5102,0.6139,0.5146,0.62612,0.5017
13,30,True,0.636680006980896,0.4916999936103821,0.42594,0.4164,0.51946,0.4905,0.52486,0.489,0.58478,0.5101,0.6136,0.5168,0.62296,0.5032
13,31,True,0.6460000276565552,0.4986000061035156,0.4269,0.4193,0.51968,0.4886,0.52392,0.4841,0.58946,0.5103,0.61904,0.5173,0.63734,0.5012
13,32,True,0.6500599980354309,0.4934999942779541,0.42592,0.4176,0.51838,0.4895,0.52392,0.4869,0.5877,0.5088,0.6147,0.5148,0.63068,0.4954
13,33,True,0.6553199887275696,0.4934000074863434,0.42648,0.4185,0.51848,0.4893,0.52246,0.481,0.58378,0.511,0.61134,0.5129,0.62238,0.4962
13,34,True,0.6569600105285645,0.492000013589859,0.42652,0.4176,0.52024,0.492,0.52506,0.4882,0.59418,0.5065,0.62496,0.5153,0.64804,0.5011
13,35,True,0.6660799980163574,0.49939998984336853,0.42572,0.4171,0.51936,0.4882,0.5259,0.4858,0.59002,0.5092,0.62266,0.5165,0.64466,0.4985
13,36,True,0.668720006942749,0.49000000953674316,0.42678,0.4182,0.52008,0.4888,0.52352,0.4859,0.59032,0.5026,0.62282,0.5107,0.64864,0.4972
13,37,True,0.6742799878120422,0.47769999504089355,0.42826,0.4203,0.52038,0.4911,0.52136,0.4801,0.58562,0.5049,0.61716,0.5093,0.63644,0.4919
13,38,True,0.6826800107955933,0.49950000643730164,0.42584,0.4179,0.52072,0.4894,0.52462,0.4854,0.59134,0.5067,0.62712,0.5159,0.66068,0.4982
13,39,True,0.6876800060272217,0.4855000078678131,0.42738,0.4197,0.52084,0.4892,0.52406,0.4838,0.591,0.5014,0.6242,0.5144,0.65074,0.4912
13,40,True,0.6924200057983398,0.4927000105381012,0.4253,0.4171,0.51972,0.489,0.52618,0.4831,0.59342,0.5065,0.62842,0.5147,0.66196,0.4961
13,41,True,0.6974599957466125,0.49480000138282776,0.42564,0.4157,0.52132,0.487,0.52676,0.485,0.59792,0.5059,0.6336,0.5118,0.66912,0.496
13,42,True,0.7027199864387512,0.4814999997615814,0.4257,0.4118,0.5214,0.4855,0.52394,0.4805,0.59268,0.504,0.62896,0.5145,0.65682,0.4854
13,43,True,0.7046800255775452,0.48829999566078186,0.42654,0.4181,0.51976,0.4897,0.52662,0.4817,0.59378,0.5043,0.6309,0.5113,0.66798,0.491
13,44,True,0.7063199877738953,0.4921000003814697,0.42722,0.4163,0.52124,0.4861,0.52744,0.4848,0.60032,0.5029,0.63688,0.5142,0.68402,0.4935
13,45,True,0.7171400189399719,0.49050000309944153,0.42638,0.4165,0.52114,0.4875,0.52822,0.4822,0.59736,0.5038,0.63856,0.5144,0.67832,0.4923
13,46,True,0.7192999720573425,0.4932999908924103,0.42602,0.415,0.52248,0.4865,0.52844,0.4841,0.59886,0.5051,0.64032,0.5117,0.68616,0.4884
13,47,True,0.726580023765564,0.48510000109672546,0.4252,0.4166,0.5201,0.4828,0.5271,0.4841,0.59528,0.5038,0.63372,0.5122,0.66746,0.4844
13,48,True,0.7305600047111511,0.48559999465942383,0.42554,0.417,0.52098,0.4881,0.5289,0.4863,0.59646,0.5069,0.6377,0.507,0.68228,0.4878
13,49,True,0.7300400137901306,0.486299991607666,0.42692,0.4179,0.51978,0.489,0.52552,0.4826,0.59038,0.4993,0.63226,0.5088,0.66936,0.4827
13,50,True,0.7364400029182434,0.4749000072479248,0.42602,0.4163,0.51992,0.4873,0.52534,0.483,0.5971,0.5029,0.63614,0.5077,0.67748,0.4774
13,51,True,0.736020028591156,0.48539999127388,0.42588,0.418,0.52004,0.4872,0.52632,0.4817,0.59636,0.5049,0.63384,0.5107,0.67494,0.486
13,52,True,0.749180018901825,0.48559999465942383,0.42608,0.4164,0.51908,0.4851,0.5272,0.4815,0.59688,0.504,0.63546,0.5089,0.68412,0.489
13,53,True,0.7441400289535522,0.48030000925064087,0.42568,0.4125,0.52192,0.4871,0.5294,0.483,0.59932,0.5014,0.64112,0.5109,0.6924,0.4852
13,54,True,0.7559599876403809,0.478300005197525,0.42576,0.4148,0.52132,0.4867,0.52594,0.4834,0.59656,0.5027,0.63818,0.5148,0.68544,0.4828
13,55,True,0.7564600110054016,0.47699999809265137,0.42512,0.4143,0.52114,0.4882,0.5282,0.4845,0.6005,0.5039,0.6421,0.5109,0.68798,0.4777
13,56,True,0.7636799812316895,0.4830999970436096,0.4262,0.4159,0.52154,0.4895,0.52664,0.484,0.60074,0.5041,0.64264,0.5094,0.69594,0.487
13,57,True,0.7656000256538391,0.47769999504089355,0.4264,0.417,0.5215,0.4901,0.52742,0.4845,0.6005,0.504,0.64238,0.5133,0.69702,0.4857
13,58,True,0.7702999711036682,0.4781000018119812,0.42654,0.4145,0.52002,0.4895,0.52624,0.4831,0.60298,0.5037,0.6473,0.5114,0.71072,0.4869
13,59,True,0.7678400278091431,0.4758000075817108,0.42592,0.4114,0.5216,0.4864,0.5254,0.4825,0.60074,0.5025,0.64568,0.5088,0.70532,0.4797
13,60,True,0.7703199982643127,0.4814000129699707,0.4244,0.4172,0.52006,0.4865,0.52802,0.4847,0.59846,0.4987,0.64286,0.5084,0.6983,0.483
13,61,True,0.778439998626709,0.4740999937057495,0.42498,0.4119,0.51912,0.4903,0.52566,0.4808,0.59762,0.5049,0.6422,0.5095,0.69798,0.4835
13,62,True,0.7825000286102295,0.48260000348091125,0.42614,0.416,0.52088,0.4884,0.52862,0.4811,0.60412,0.5016,0.65098,0.5104,0.71478,0.4876
13,63,True,0.7858200073242188,0.47780001163482666,0.42478,0.4138,0.52136,0.4857,0.5283,0.482,0.60264,0.4991,0.64766,0.5142,0.71654,0.4859
13,64,True,0.7843599915504456,0.4767000079154968,0.42452,0.4133,0.52144,0.4869,0.52714,0.4794,0.6003,0.5012,0.64634,0.5103,0.70868,0.4825
13,65,True,0.7882000207901001,0.47769999504089355,0.42532,0.4123,0.52136,0.4833,0.52528,0.4779,0.5967,0.4996,0.63918,0.5085,0.69418,0.4761
13,66,True,0.796999990940094,0.4722999930381775,0.42606,0.4136,0.52112,0.4845,0.52658,0.4796,0.59822,0.4976,0.64212,0.5065,0.70506,0.4773
13,67,True,0.7962599992752075,0.47600001096725464,0.4252,0.4123,0.52192,0.4839,0.5276,0.4801,0.60392,0.5029,0.64898,0.5111,0.71818,0.4808
13,68,True,0.7986800074577332,0.47530001401901245,0.42574,0.4143,0.5211,0.4863,0.52578,0.4835,0.5999,0.4995,0.64284,0.5097,0.71154,0.4832
13,69,True,0.7977399826049805,0.4767000079154968,0.42526,0.4122,0.52084,0.4874,0.52534,0.4841,0.6027,0.5,0.6481,0.5109,0.71804,0.4777
13,70,True,0.8014199733734131,0.4715000092983246,0.4251,0.4147,0.52158,0.4859,0.52644,0.4823,0.5978,0.4997,0.64342,0.5066,0.70456,0.4777
13,71,True,0.8003000020980835,0.47110000252723694,0.42508,0.4124,0.5204,0.4861,0.5291,0.4841,0.60342,0.4979,0.64828,0.506,0.71274,0.4742
13,72,True,0.8127999901771545,0.47600001096725464,0.42486,0.414,0.52134,0.4864,0.5271,0.4807,0.59894,0.4981,0.64368,0.5059,0.7065,0.4762
13,73,True,0.8117600083351135,0.47380000352859497,0.4247,0.4144,0.52028,0.4878,0.52538,0.4803,0.60108,0.4991,0.64812,0.5105,0.72402,0.4811
13,74,True,0.8119400143623352,0.4717999994754791,0.42502,0.414,0.51984,0.4879,0.5277,0.4785,0.59942,0.4993,0.64572,0.5092,0.70262,0.4719
13,75,True,0.8125399947166443,0.46709999442100525,0.42384,0.4154,0.52036,0.4903,0.52282,0.4804,0.59554,0.4975,0.64198,0.5053,0.6948,0.473
13,76,True,0.8129799962043762,0.47679999470710754,0.42486,0.415,0.52058,0.4857,0.52628,0.4797,0.6029,0.4988,0.64688,0.5112,0.72138,0.4806
13,77,True,0.8194599747657776,0.4661000072956085,0.42504,0.4135,0.5225,0.4864,0.52522,0.4823,0.60008,0.4964,0.64732,0.5066,0.71648,0.4722
13,78,True,0.8208600282669067,0.47209998965263367,0.42382,0.4148,0.52058,0.4858,0.5269,0.483,0.6016,0.5009,0.64688,0.5111,0.7163,0.4766
13,79,True,0.8285199999809265,0.46549999713897705,0.42556,0.4156,0.51964,0.4866,0.52736,0.4819,0.60126,0.4968,0.6482,0.5086,0.7225,0.471
13,80,True,0.82014000415802,0.478300005197525,0.42592,0.4143,0.51994,0.4882,0.52706,0.4802,0.60644,0.5025,0.65322,0.5109,0.74088,0.4788
13,81,True,0.8297799825668335,0.4745999872684479,0.4243,0.4143,0.52146,0.488,0.52956,0.4804,0.60418,0.5005,0.65416,0.5124,0.73718,0.4773
13,82,True,0.8341400027275085,0.4690000116825104,0.42384,0.4139,0.52108,0.4859,0.52494,0.4833,0.59876,0.5032,0.64316,0.5101,0.70384,0.4675
13,83,True,0.8260400295257568,0.48179998993873596,0.425,0.417,0.5215,0.4861,0.53042,0.4839,0.60498,0.5039,0.65234,0.5094,0.73354,0.4832
13,84,True,0.83160001039505,0.4683000147342682,0.42476,0.4149,0.52174,0.488,0.52574,0.4824,0.60014,0.4988,0.6484,0.5068,0.72238,0.476
13,85,True,0.8333799839019775,0.4672999978065491,0.42426,0.4141,0.52092,0.4878,0.52662,0.4816,0.60158,0.4979,0.65016,0.5049,0.72428,0.4756
13,86,True,0.8335199952125549,0.4652999937534332,0.42446,0.4138,0.51962,0.485,0.52676,0.4786,0.59888,0.4961,0.64612,0.5053,0.72112,0.4755
13,87,True,0.8391600251197815,0.4659000039100647,0.4252,0.4153,0.52146,0.4851,0.52704,0.4812,0.60346,0.5015,0.64982,0.5087,0.73444,0.4723
13,88,True,0.8398399949073792,0.4794999957084656,0.4244,0.415,0.52118,0.4862,0.52798,0.481,0.60532,0.5011,0.6574,0.5084,0.75368,0.4779
13,89,True,0.8416399955749512,0.47269999980926514,0.42496,0.414,0.5206,0.4856,0.52678,0.482,0.60468,0.4995,0.64968,0.5058,0.7389,0.477
13,90,True,0.8327400088310242,0.46939998865127563,0.4251,0.4149,0.5207,0.4856,0.52586,0.4847,0.60154,0.4974,0.6494,0.5118,0.73028,0.4734
13,91,True,0.851360023021698,0.4659999907016754,0.42402,0.4142,0.5208,0.4857,0.52594,0.4795,0.60018,0.4971,0.64574,0.5072,0.72074,0.4697
13,92,True,0.8460000157356262,0.4681999981403351,0.42516,0.4156,0.52084,0.4852,0.52514,0.4793,0.60396,0.5003,0.65316,0.5084,0.74538,0.4672
13,93,True,0.8458600044250488,0.4697999954223633,0.42496,0.4147,0.5205,0.4849,0.52748,0.4849,0.59886,0.4994,0.64606,0.5122,0.72846,0.4781
13,94,True,0.8496999740600586,0.47380000352859497,0.42552,0.4149,0.51874,0.4875,0.52802,0.4819,0.60516,0.5013,0.65214,0.5071,0.74482,0.4751
13,95,True,0.8536199927330017,0.4706000089645386,0.4255,0.4144,0.52026,0.4865,0.52728,0.482,0.60364,0.5021,0.65212,0.5058,0.73604,0.4744
13,96,True,0.8462399840354919,0.4674000144004822,0.4249,0.416,0.52036,0.4852,0.5254,0.4765,0.60096,0.4964,0.64732,0.504,0.73034,0.4735
13,97,True,0.8558800220489502,0.4715999960899353,0.42406,0.4153,0.52084,0.4847,0.52788,0.4842,0.6021,0.498,0.64976,0.5085,0.734,0.474
13,98,True,0.8498600125312805,0.4699000120162964,0.42552,0.4155,0.52,0.4872,0.5248,0.4787,0.60082,0.5008,0.6481,0.5122,0.7235,0.4752
13,99,True,0.8580999970436096,0.46560001373291016,0.42512,0.4146,0.52038,0.4853,0.52838,0.4848,0.60402,0.4988,0.65402,0.5089,0.74326,0.472
13,100,True,0.857420027256012,0.4666999876499176,0.42444,0.4159,0.5197,0.4866,0.52786,0.4824,0.60376,0.5,0.65574,0.5105,0.74972,0.47
14,0,True,0.10933999717235565,0.10909999907016754,0.39582,0.3823,0.42034,0.398,0.38126,0.3673,0.36868,0.3576,0.39198,0.3753,0.352,0.3436
14,1,True,0.31279999017715454,0.3797999918460846,0.39808,0.3971,0.44892,0.4406,0.40848,0.4113,0.4185,0.4215,0.43236,0.4278,0.41044,0.4149
14,2,True,0.3864400088787079,0.4004000127315521,0.41112,0.4103,0.46904,0.457,0.43352,0.4375,0.4443,0.4489,0.46142,0.4549,0.44052,0.4442
14,3,True,0.41492000222206116,0.4309000074863434,0.42146,0.4177,0.4838,0.4661,0.44808,0.4502,0.46516,0.462,0.47662,0.4645,0.46166,0.4566
14,4,True,0.43487998843193054,0.44130000472068787,0.42276,0.4176,0.49032,0.4776,0.46008,0.4582,0.47704,0.4694,0.49296,0.4755,0.475,0.4703
14,5,True,0.4477599859237671,0.45190000534057617,0.4291,0.4228,0.49624,0.482,0.46586,0.4569,0.48776,0.4745,0.50174,0.4804,0.48618,0.475
14,6,True,0.4618400037288666,0.4643000066280365,0.4311,0.4281,0.49978,0.4827,0.47352,0.4603,0.4994,0.4802,0.5121,0.4919,0.5,0.4841
14,7,True,0.4742000102996826,0.4449000060558319,0.42934,0.4234,0.5007,0.4783,0.47706,0.4685,0.50004,0.4835,0.51568,0.4875,0.49988,0.4821
14,8,True,0.48697999119758606,0.47380000352859497,0.43144,0.4242,0.5063,0.4841,0.48682,0.4772,0.51272,0.4927,0.53,0.4973,0.51746,0.4924
14,9,True,0.4966999888420105,0.4799000024795532,0.4324,0.4208,0.50748,0.4887,0.49418,0.4756,0.52002,0.4942,0.53444,0.5015,0.52518,0.4962
14,10,True,0.5078399777412415,0.4672999978065491,0.43522,0.4238,0.51122,0.4872,0.49568,0.474,0.5257,0.4962,0.54296,0.4999,0.53116,0.4946
14,11,True,0.5121600031852722,0.4851999878883362,0.44026,0.4244,0.51466,0.4878,0.49942,0.4785,0.53552,0.4991,0.5527,0.5046,0.54236,0.4984
14,12,True,0.5213800072669983,0.5026000142097473,0.43706,0.4221,0.51724,0.4869,0.50768,0.4817,0.54254,0.5028,0.56008,0.5111,0.55542,0.5021
14,13,True,0.5286999940872192,0.5044000148773193,0.44096,0.4228,0.5179,0.4945,0.5073,0.4849,0.54394,0.5053,0.56008,0.5154,0.55794,0.5088
14,14,True,0.5357000231742859,0.49129998683929443,0.43628,0.424,0.51718,0.4904,0.50916,0.4811,0.54432,0.5044,0.56086,0.5074,0.55562,0.5025
14,15,True,0.5418599843978882,0.5034000277519226,0.44268,0.4253,0.51944,0.4936,0.51586,0.4872,0.5519,0.5051,0.57092,0.515,0.5633,0.5072
14,16,True,0.551360011100769,0.4860999882221222,0.44004,0.4249,0.52074,0.488,0.51526,0.4822,0.55544,0.5019,0.57588,0.5117,0.5674,0.5045
14,17,True,0.5566999912261963,0.482699990272522,0.44212,0.424,0.52336,0.4871,0.51738,0.4834,0.55522,0.5017,0.57346,0.5133,0.5688,0.5021
14,18,True,0.5648800134658813,0.4961000084877014,0.44338,0.4247,0.52242,0.484,0.51922,0.4868,0.56054,0.5087,0.58066,0.5114,0.57634,0.5049
14,19,True,0.5699800252914429,0.48809999227523804,0.44212,0.4248,0.52262,0.4864,0.52252,0.4846,0.5668,0.5065,0.58632,0.5095,0.58042,0.4994
14,20,True,0.5783200263977051,0.47200000286102295,0.44256,0.4259,0.52358,0.4912,0.52084,0.4808,0.56424,0.5016,0.58378,0.5114,0.57596,0.4923
14,21,True,0.5826600193977356,0.49959999322891235,0.44378,0.4276,0.5268,0.492,0.5234,0.4856,0.5752,0.5095,0.59592,0.513,0.59398,0.501
14,22,True,0.5873000025749207,0.49480000138282776,0.44752,0.428,0.52708,0.4925,0.52416,0.4888,0.57592,0.5102,0.60036,0.5106,0.59926,0.5028
14,23,True,0.5979200005531311,0.492000013589859,0.44778,0.4275,0.52632,0.4885,0.5296,0.486,0.58254,0.5092,0.60558,0.5134,0.6069,0.4976
14,24,True,0.6031399965286255,0.504800021648407,0.44882,0.4274,0.52824,0.491,0.53272,0.4891,0.58372,0.5092,0.6083,0.5153,0.61682,0.5037
14,25,True,0.6152799725532532,0.49880000948905945,0.45066,0.4285,0.52724,0.4867,0.5316,0.4894,0.5872,0.5053,0.61016,0.5127,0.61722,0.5032
14,26,True,0.6174200177192688,0.4968000054359436,0.44796,0.4286,0.53012,0.4929,0.53186,0.4858,0.589,0.5058,0.61226,0.5117,0.61926,0.5019
14,27,True,0.6210399866104126,0.501800000667572,0.44582,0.4277,0.52728,0.4885,0.5326,0.4842,0.59034,0.5094,0.61226,0.5122,0.61936,0.4975
14,28,True,0.6273800134658813,0.4945000112056732,0.44954,0.4293,0.52882,0.4911,0.53322,0.486,0.5889,0.5062,0.6136,0.5097,0.62204,0.4948
14,29,True,0.6384999752044678,0.4986000061035156,0.45076,0.4311,0.53056,0.4889,0.53406,0.4868,0.59774,0.5104,0.62294,0.5145,0.63978,0.4985
14,30,True,0.6417199969291687,0.5008999705314636,0.4502,0.4306,0.53104,0.4932,0.53636,0.4871,0.59648,0.5052,0.6257,0.5173,0.6409,0.5059
14,31,True,0.6470000147819519,0.4964999854564667,0.44874,0.4291,0.52936,0.4916,0.53242,0.4835,0.59068,0.5042,0.61832,0.5077,0.63018,0.4936
14,32,True,0.6538599729537964,0.4973999857902527,0.44958,0.429,0.53136,0.4902,0.53678,0.4868,0.59884,0.505,0.62922,0.5108,0.64576,0.4977
14,33,True,0.6617599725723267,0.49459999799728394,0.44874,0.4254,0.53166,0.4846,0.53816,0.4871,0.5972,0.507,0.62538,0.5135,0.64562,0.4985
14,34,True,0.6654199957847595,0.48890000581741333,0.44892,0.4296,0.53156,0.4881,0.53666,0.4861,0.60426,0.5066,0.6322,0.5085,0.65316,0.4944
14,35,True,0.6743000149726868,0.49320000410079956,0.45132,0.4304,0.5322,0.4875,0.53944,0.4882,0.60616,0.5093,0.63546,0.5114,0.65982,0.4951
14,36,True,0.6768199801445007,0.49160000681877136,0.45122,0.427,0.5295,0.4875,0.53756,0.487,0.60204,0.5047,0.63354,0.5085,0.65782,0.494
14,37,True,0.6830199956893921,0.48919999599456787,0.45186,0.4299,0.53114,0.4891,0.53542,0.4872,0.60106,0.5079,0.63056,0.5142,0.65764,0.4971
14,38,True,0.6884999871253967,0.4862000048160553,0.44968,0.4268,0.53178,0.4862,0.5364,0.4847,0.60264,0.5035,0.63532,0.5082,0.66526,0.4876
14,39,True,0.6905199885368347,0.49160000681877136,0.45098,0.4285,0.53084,0.4885,0.53764,0.4851,0.60208,0.5034,0.6347,0.5091,0.6624,0.4898
14,40,True,0.7010599970817566,0.49000000953674316,0.44918,0.4278,0.53214,0.4869,0.5403,0.4867,0.60694,0.5029,0.64116,0.5101,0.6774,0.4946
14,41,True,0.7089400291442871,0.4876999855041504,0.45012,0.4273,0.53214,0.4898,0.53816,0.4862,0.60594,0.5015,0.63776,0.5091,0.66862,0.4928
14,42,True,0.7079200148582458,0.48910000920295715,0.4494,0.4282,0.53176,0.4889,0.54182,0.4865,0.611,0.5041,0.64318,0.5115,0.6829,0.4873
14,43,True,0.718999981880188,0.4848000109195709,0.44998,0.4255,0.53126,0.4906,0.5378,0.4834,0.60636,0.5065,0.64176,0.512,0.6804,0.4892
14,44,True,0.7190399765968323,0.4832000136375427,0.44964,0.4288,0.5305,0.49,0.54,0.485,0.60682,0.507,0.64386,0.5094,0.68044,0.4879
14,45,True,0.7221999764442444,0.4805999994277954,0.44892,0.4289,0.5331,0.4888,0.54096,0.4855,0.60818,0.5059,0.64264,0.5099,0.67062,0.4883
14,46,True,0.7293599843978882,0.486299991607666,0.44972,0.4282,0.53254,0.4896,0.53912,0.4837,0.60878,0.504,0.64594,0.5102,0.68852,0.487
14,47,True,0.7366399765014648,0.48809999227523804,0.44882,0.4248,0.53132,0.4856,0.54104,0.4846,0.61318,0.504,0.64764,0.5098,0.69332,0.4864
14,48,True,0.7390400171279907,0.4830000102519989,0.44932,0.4249,0.53244,0.4905,0.5368,0.4802,0.6053,0.5027,0.6392,0.5108,0.67844,0.4868
14,49,True,0.7415199875831604,0.48330000042915344,0.45052,0.4274,0.53138,0.49,0.54084,0.4858,0.61088,0.5066,0.6469,0.5115,0.69516,0.4831
14,50,True,0.7467600107192993,0.483599990606308,0.44962,0.4286,0.53146,0.4898,0.54244,0.4837,0.61432,0.506,0.65052,0.5105,0.69826,0.4891
14,51,True,0.7522199749946594,0.48669999837875366,0.44968,0.4281,0.53218,0.4903,0.54118,0.4827,0.61488,0.5038,0.65114,0.5058,0.69954,0.4859
14,52,True,0.751479983329773,0.49050000309944153,0.45024,0.4266,0.5315,0.4896,0.5422,0.483,0.615,0.5069,0.6547,0.5119,0.7081,0.4909
14,53,True,0.7569199800491333,0.4805000126361847,0.45068,0.4256,0.53268,0.4888,0.5413,0.4852,0.61372,0.5089,0.6532,0.5087,0.7072,0.4806
14,54,True,0.7590600252151489,0.4832000136375427,0.44936,0.4268,0.53096,0.4858,0.5421,0.4828,0.61484,0.5065,0.65272,0.5116,0.70398,0.4833
14,55,True,0.763480007648468,0.47530001401901245,0.45066,0.4299,0.53226,0.4893,0.54112,0.485,0.61122,0.5048,0.6489,0.5082,0.69642,0.481
14,56,True,0.7691199779510498,0.47209998965263367,0.4502,0.4259,0.53202,0.4898,0.5425,0.4817,0.6151,0.508,0.6546,0.5076,0.70802,0.4803
14,57,True,0.77183997631073,0.4796999990940094,0.44922,0.4288,0.53162,0.4903,0.53928,0.4807,0.6134,0.5071,0.64952,0.5088,0.70526,0.4807
14,58,True,0.7727599740028381,0.4794999957084656,0.44928,0.4286,0.53114,0.4886,0.5402,0.486,0.61196,0.5031,0.6506,0.5066,0.70416,0.4809
14,59,True,0.778980016708374,0.4830000102519989,0.44834,0.4277,0.53174,0.4904,0.53916,0.4827,0.61206,0.5051,0.65174,0.5097,0.71496,0.4794
14,60,True,0.7810199856758118,0.4812999963760376,0.44766,0.4276,0.5321,0.4886,0.54226,0.489,0.6173,0.5036,0.65872,0.5109,0.72506,0.4822
14,61,True,0.791920006275177,0.4767000079154968,0.449,0.43,0.5321,0.4846,0.5432,0.4833,0.61426,0.5059,0.65338,0.5069,0.71448,0.4764
14,62,True,0.7928599715232849,0.4794999957084656,0.44786,0.4283,0.53112,0.4902,0.54112,0.4838,0.61368,0.5012,0.6539,0.5089,0.71452,0.4771
14,63,True,0.7897999882698059,0.476500004529953,0.44944,0.4323,0.53288,0.487,0.54002,0.4858,0.61498,0.5043,0.65532,0.5089,0.71476,0.4717
14,64,True,0.7951599955558777,0.4765999913215637,0.44896,0.4299,0.532,0.4862,0.54098,0.4852,0.61902,0.5057,0.65762,0.5106,0.7285,0.4789
14,65,True,0.7985000014305115,0.4797999858856201,0.44952,0.4309,0.53276,0.4859,0.53998,0.4819,0.61444,0.5029,0.65428,0.5091,0.71316,0.4762
14,66,True,0.8047999739646912,0.4722999930381775,0.4499,0.4274,0.53296,0.489,0.53924,0.4853,0.61548,0.5018,0.65642,0.5066,0.72192,0.4747
14,67,True,0.806119978427887,0.476500004529953,0.45062,0.4269,0.53242,0.4866,0.54072,0.4867,0.617,0.5039,0.6569,0.5097,0.7286,0.4747
14,68,True,0.8041800260543823,0.47589999437332153,0.44876,0.4278,0.53188,0.4892,0.54274,0.4869,0.61688,0.5016,0.65608,0.5058,0.72414,0.4714
14,69,True,0.8105999827384949,0.47369998693466187,0.44852,0.4269,0.5315,0.4898,0.53928,0.4836,0.61396,0.5023,0.65296,0.5082,0.71982,0.4734
14,70,True,0.8062000274658203,0.46779999136924744,0.45066,0.4287,0.53034,0.4859,0.54004,0.4819,0.61332,0.5008,0.65348,0.5073,0.71684,0.4669
14,71,True,0.8134400248527527,0.4693000018596649,0.44944,0.4281,0.53354,0.4879,0.54052,0.4828,0.61432,0.5011,0.6537,0.5072,0.72224,0.4736
14,72,True,0.8157600164413452,0.46209999918937683,0.44904,0.4281,0.53238,0.4907,0.53926,0.4842,0.61344,0.5031,0.64994,0.5043,0.70626,0.4658
14,73,True,0.8194599747657776,0.4650000035762787,0.45024,0.4295,0.53218,0.4875,0.54288,0.4831,0.61872,0.5039,0.66072,0.5053,0.73998,0.4656
14,74,True,0.8100399971008301,0.47099998593330383,0.44848,0.4282,0.53296,0.4894,0.54262,0.4829,0.61912,0.5048,0.66274,0.5094,0.74284,0.4746
14,75,True,0.8308799862861633,0.4758000075817108,0.44898,0.4314,0.5323,0.4876,0.54248,0.4815,0.61784,0.5001,0.65984,0.5048,0.74154,0.4702
14,76,True,0.8307200074195862,0.4722999930381775,0.4484,0.4296,0.53102,0.4894,0.54172,0.4835,0.6184,0.5009,0.66114,0.5078,0.74184,0.4707
14,77,True,0.8313000202178955,0.4675000011920929,0.44894,0.4288,0.5316,0.4896,0.54114,0.4834,0.61724,0.5013,0.65836,0.5098,0.73098,0.4699
14,78,True,0.8199599981307983,0.4593999981880188,0.44766,0.4263,0.53126,0.4869,0.54168,0.4836,0.61538,0.5014,0.65772,0.5071,0.724,0.4696
14,79,True,0.8309999704360962,0.46880000829696655,0.44868,0.4286,0.53232,0.4926,0.53964,0.482,0.61662,0.5029,0.6574,0.5049,0.73834,0.4726
14,80,True,0.8297799825668335,0.4668000042438507,0.4495,0.4281,0.53182,0.4885,0.54136,0.4785,0.61616,0.5013,0.6558,0.5052,0.73208,0.4691
14,81,True,0.8379999995231628,0.47380000352859497,0.4476,0.4269,0.53198,0.4908,0.53938,0.4807,0.61754,0.5007,0.66052,0.5065,0.74582,0.4696
14,82,True,0.8351200222969055,0.4702000021934509,0.4482,0.4292,0.53068,0.4883,0.53968,0.4824,0.61562,0.5026,0.65882,0.5096,0.7345,0.4662
14,83,True,0.8425599932670593,0.4699999988079071,0.4481,0.4232,0.53146,0.4877,0.54114,0.4844,0.6116,0.5024,0.65276,0.5062,0.72848,0.4669
14,84,True,0.839680016040802,0.46709999442100525,0.44864,0.4269,0.5325,0.488,0.54214,0.4813,0.61874,0.5012,0.66146,0.5089,0.74808,0.4728
14,85,True,0.839900016784668,0.4690999984741211,0.44964,0.428,0.5315,0.4888,0.5422,0.483,0.61732,0.5011,0.66118,0.5106,0.74488,0.4701
14,86,True,0.8400200009346008,0.4715000092983246,0.44684,0.4263,0.53168,0.4889,0.5404,0.4804,0.61612,0.4998,0.65748,0.5033,0.73606,0.4689
14,87,True,0.851140022277832,0.46070000529289246,0.44844,0.4272,0.53178,0.4869,0.54284,0.4825,0.62122,0.5025,0.66418,0.5049,0.75006,0.4662
14,88,True,0.8463799953460693,0.460999995470047,0.44808,0.4254,0.53084,0.4866,0.54196,0.4847,0.61456,0.5047,0.6567,0.5082,0.73116,0.4652
14,89,True,0.8460400104522705,0.4580000042915344,0.44884,0.4295,0.53282,0.4884,0.54108,0.4837,0.6165,0.5013,0.65976,0.5071,0.74194,0.4636
14,90,True,0.851419985294342,0.46140000224113464,0.44956,0.429,0.5326,0.4881,0.54118,0.4837,0.61888,0.5056,0.66228,0.5111,0.7548,0.4656
14,91,True,0.8526399731636047,0.4690000116825104,0.4473,0.4282,0.53282,0.4906,0.53772,0.4828,0.61208,0.4968,0.65194,0.5028,0.722,0.4638
14,92,True,0.8496999740600586,0.4577000141143799,0.44776,0.4295,0.53154,0.4866,0.5407,0.4777,0.61708,0.4984,0.6601,0.5031,0.74592,0.4631
14,93,True,0.8623999953269958,0.46070000529289246,0.4481,0.4278,0.53162,0.4858,0.53956,0.4842,0.61474,0.5001,0.65864,0.5047,0.75058,0.4666
14,94,True,0.8577399849891663,0.4684000015258789,0.44912,0.4283,0.53094,0.4865,0.54344,0.4828,0.61852,0.4984,0.66234,0.5033,0.75706,0.4673
14,95,True,0.857420027256012,0.4661000072956085,0.4475,0.4247,0.53176,0.4894,0.54238,0.4817,0.61692,0.5025,0.66096,0.5096,0.76116,0.4689
14,96,True,0.8616999983787537,0.4625000059604645,0.44708,0.4244,0.53106,0.4868,0.5408,0.4825,0.61176,0.4982,0.65374,0.5051,0.7332,0.4651
14,97,True,0.8603600263595581,0.4603999853134155,0.44804,0.4294,0.53174,0.4875,0.54214,0.4846,0.61998,0.5026,0.66604,0.5054,0.7581,0.4665
14,98,True,0.8601599931716919,0.4596000015735626,0.44802,0.4272,0.5317,0.488,0.53958,0.4831,0.6154,0.5017,0.6627,0.5066,0.7465,0.462
14,99,True,0.8684599995613098,0.4611999988555908,0.44782,0.4274,0.53192,0.4885,0.53854,0.4812,0.6178,0.5007,0.66068,0.5051,0.7516,0.4632
14,100,True,0.8604599833488464,0.46810001134872437,0.44826,0.429,0.53242,0.4892,0.54188,0.4869,0.62286,0.4995,0.67066,0.5047,0.7815,0.4659
15,0,True,0.0935399979352951,0.094200000166893,0.3963,0.3963,0.41898,0.4059,0.37936,0.3674,0.36638,0.3615,0.38416,0.3632,0.35268,0.341
15,1,True,0.3116399943828583,0.37369999289512634,0.3872,0.3907,0.44056,0.4305,0.4127,0.4124,0.41732,0.4153,0.43174,0.4254,0.41382,0.4105
15,2,True,0.3838199973106384,0.40310001373291016,0.4018,0.3972,0.46314,0.4516,0.43526,0.4331,0.44124,0.4392,0.45568,0.4469,0.43868,0.4323
15,3,True,0.41425999999046326,0.42719998955726624,0.40748,0.4045,0.47522,0.4636,0.4475,0.4468,0.45946,0.4585,0.47508,0.4641,0.46008,0.4542
15,4,True,0.43149998784065247,0.4442000091075897,0.41638,0.4064,0.48042,0.4671,0.45662,0.4505,0.47348,0.4614,0.4893,0.4735,0.47352,0.4674
15,5,True,0.44986000657081604,0.4611000120639801,0.4197,0.4122,0.48958,0.4717,0.47038,0.4655,0.4844,0.4752,0.50286,0.4828,0.48728,0.4736
15,6,True,0.4638400077819824,0.4575999975204468,0.42062,0.4152,0.49578,0.4752,0.47724,0.4655,0.49502,0.4779,0.51016,0.4861,0.49812,0.4773
15,7,True,0.47304001450538635,0.460999995470047,0.42216,0.4142,0.49586,0.4772,0.4791,0.4651,0.50014,0.4754,0.516,0.4861,0.5027,0.4775
15,8,True,0.4839400053024292,0.46540001034736633,0.42018,0.4123,0.49912,0.4757,0.48438,0.4698,0.5092,0.4868,0.52606,0.4956,0.51468,0.4875
15,9,True,0.4942399859428406,0.47380000352859497,0.42588,0.4196,0.5028,0.4801,0.49306,0.4761,0.51812,0.4897,0.5323,0.4986,0.52628,0.4949
15,10,True,0.5047199726104736,0.4593999981880188,0.42556,0.4183,0.50408,0.4796,0.49212,0.4723,0.51952,0.4929,0.53688,0.5005,0.52618,0.4894
15,11,True,0.5120199918746948,0.48989999294281006,0.42822,0.4203,0.50602,0.4799,0.49834,0.4746,0.5291,0.4894,0.5467,0.4981,0.537,0.4957
15,12,True,0.5163599848747253,0.4819999933242798,0.4274,0.4154,0.50804,0.481,0.50192,0.479,0.537,0.4987,0.55046,0.506,0.54406,0.5001
15,13,True,0.5228800177574158,0.48820000886917114,0.42794,0.4188,0.51004,0.4819,0.50392,0.4777,0.54014,0.5023,0.55802,0.5089,0.54546,0.4987
15,14,True,0.5300400257110596,0.4821000099182129,0.4274,0.4168,0.5114,0.4828,0.50538,0.4784,0.541,0.494,0.55824,0.5006,0.55194,0.4985
15,15,True,0.5357000231742859,0.4867999851703644,0.4279,0.4199,0.51082,0.4843,0.50834,0.4833,0.54718,0.4979,0.56412,0.5078,0.55706,0.4973
15,16,True,0.5428599715232849,0.48919999599456787,0.4277,0.4165,0.5146,0.4828,0.5098,0.4741,0.54878,0.5016,0.56884,0.5107,0.5622,0.5037
15,17,True,0.5519599914550781,0.49050000309944153,0.42854,0.4187,0.51272,0.4842,0.50876,0.4761,0.55124,0.5016,0.57292,0.5081,0.562,0.5009
15,18,True,0.5585399866104126,0.4997999966144562,0.42806,0.4178,0.51378,0.483,0.51014,0.482,0.55726,0.5041,0.57796,0.5125,0.57464,0.5056
15,19,True,0.561680018901825,0.49709999561309814,0.42664,0.4193,0.5141,0.4831,0.5115,0.4777,0.56214,0.5061,0.58284,0.514,0.57792,0.504
15,20,True,0.5672399997711182,0.46790000796318054,0.42766,0.4196,0.51416,0.4857,0.50782,0.4713,0.5498,0.493,0.57066,0.5061,0.55918,0.4906
15,21,True,0.5727800130844116,0.49309998750686646,0.42878,0.4204,0.5148,0.4854,0.51458,0.4807,0.56546,0.5053,0.58594,0.5075,0.58028,0.4991
15,22,True,0.581059992313385,0.4959000051021576,0.42904,0.4212,0.51702,0.4847,0.51616,0.4793,0.57024,0.4999,0.59244,0.5107,0.59316,0.5032
15,23,True,0.5887200236320496,0.5040000081062317,0.43206,0.4218,0.51808,0.4856,0.52018,0.4814,0.57848,0.5086,0.60234,0.5179,0.60984,0.5046
15,24,True,0.5895799994468689,0.49480000138282776,0.42958,0.422,0.5177,0.4861,0.51958,0.4805,0.5698,0.5017,0.59338,0.5113,0.59204,0.4967
15,25,True,0.6022199988365173,0.4916999936103821,0.4315,0.4209,0.51906,0.4875,0.51772,0.4757,0.5742,0.5009,0.59912,0.5058,0.60446,0.4963
15,26,True,0.6091399788856506,0.4977000057697296,0.43194,0.4227,0.51746,0.4883,0.51572,0.4743,0.57294,0.5013,0.5982,0.5118,0.6068,0.4991
15,27,True,0.612779974937439,0.48399999737739563,0.4331,0.4228,0.51816,0.4827,0.52174,0.4779,0.57792,0.5073,0.60134,0.5105,0.61136,0.5037
15,28,True,0.6167799830436707,0.4880000054836273,0.43004,0.4215,0.51728,0.4846,0.51838,0.476,0.57504,0.5028,0.60026,0.5115,0.6037,0.4986
15,29,True,0.6241999864578247,0.4864000082015991,0.43088,0.4238,0.51892,0.4817,0.52304,0.4794,0.58034,0.5046,0.60546,0.5099,0.6167,0.4979
15,30,True,0.6325600147247314,0.49219998717308044,0.4303,0.4207,0.5192,0.4877,0.521,0.4795,0.5793,0.5,0.60546,0.5042,0.61454,0.4957
15,31,True,0.6347000002861023,0.4966999888420105,0.4295,0.4204,0.51922,0.4842,0.52064,0.4792,0.58336,0.5016,0.61092,0.5061,0.6263,0.4999
15,32,True,0.6436200141906738,0.49790000915527344,0.43136,0.42,0.51886,0.4846,0.52362,0.4819,0.58882,0.5023,0.61826,0.5092,0.63996,0.5038
15,33,True,0.6506400108337402,0.48570001125335693,0.43044,0.4199,0.51708,0.4876,0.5221,0.4802,0.58266,0.5,0.61236,0.5075,0.62812,0.4923
15,34,True,0.6579599976539612,0.4876999855041504,0.43158,0.4161,0.51962,0.4826,0.52134,0.4745,0.58196,0.4988,0.61196,0.5051,0.63042,0.4991
15,35,True,0.6596999764442444,0.48429998755455017,0.42948,0.4196,0.51856,0.4848,0.52378,0.4783,0.58804,0.4988,0.61966,0.5085,0.6381,0.4964
15,36,True,0.6667799949645996,0.4941999912261963,0.43188,0.4202,0.51824,0.482,0.52482,0.4766,0.5878,0.4989,0.61858,0.5075,0.6463,0.4925
15,37,True,0.6748200058937073,0.49079999327659607,0.43124,0.4201,0.51924,0.4841,0.52236,0.4784,0.58518,0.5002,0.61738,0.5059,0.6417,0.4983
15,38,True,0.6772800087928772,0.4828999936580658,0.43086,0.4202,0.51906,0.4836,0.52154,0.4757,0.59014,0.504,0.6232,0.5099,0.6529,0.4918
15,39,True,0.6847400069236755,0.4876999855041504,0.43014,0.4187,0.5201,0.4834,0.52224,0.4761,0.59116,0.4981,0.62464,0.5078,0.6536,0.4933
15,40,True,0.6903799772262573,0.4855000078678131,0.43056,0.4198,0.5185,0.4856,0.52486,0.4753,0.59102,0.5011,0.62512,0.5068,0.65418,0.4915
15,41,True,0.6954600214958191,0.4763999879360199,0.43084,0.4194,0.51874,0.4853,0.52088,0.4744,0.58986,0.499,0.625,0.5039,0.65204,0.4851
15,42,True,0.6973599791526794,0.477400004863739,0.42956,0.42,0.52008,0.4848,0.52218,0.477,0.58844,0.4967,0.6208,0.5035,0.6511,0.4847
15,43,True,0.7007799744606018,0.4830999970436096,0.43086,0.4207,0.5191,0.486,0.52502,0.4746,0.5926,0.5003,0.63048,0.5048,0.66744,0.4873
15,44,True,0.7088800072669983,0.4740000069141388,0.42958,0.4188,0.51716,0.4864,0.52242,0.4764,0.5877,0.496,0.61754,0.5035,0.65166,0.4843
15,45,True,0.7172999978065491,0.47749999165534973,0.43036,0.4214,0.51752,0.4826,0.5237,0.4722,0.59366,0.4994,0.62928,0.5075,0.67096,0.4889
15,46,True,0.7196199893951416,0.48179998993873596,0.4308,0.4197,0.51776,0.4831,0.52202,0.4736,0.5952,0.4966,0.63228,0.5082,0.67418,0.4864
15,47,True,0.7282800078392029,0.48660001158714294,0.4317,0.4173,0.5191,0.4851,0.52462,0.4754,0.59872,0.4996,0.63432,0.5049,0.68424,0.4856
15,48,True,0.7309399843215942,0.47380000352859497,0.4296,0.4178,0.5189,0.4861,0.5227,0.4765,0.59098,0.4999,0.62512,0.5048,0.66304,0.4849
15,49,True,0.7374200224876404,0.47200000286102295,0.43016,0.4187,0.51854,0.4803,0.52236,0.4758,0.59026,0.4977,0.62556,0.5053,0.66786,0.4891
15,50,True,0.7349200248718262,0.47040000557899475,0.42922,0.4215,0.51906,0.482,0.52058,0.4773,0.5943,0.4989,0.62736,0.504,0.66638,0.4851
15,51,True,0.7477999925613403,0.4787999987602234,0.4311,0.4197,0.51962,0.4857,0.52146,0.4741,0.59624,0.4968,0.63266,0.5059,0.6823,0.4827
15,52,True,0.7470999956130981,0.4681999981403351,0.42982,0.4158,0.5183,0.4837,0.52098,0.4731,0.59156,0.4957,0.62638,0.5027,0.6668,0.4799
15,53,True,0.7556599974632263,0.4722999930381775,0.4295,0.4189,0.52012,0.4838,0.52416,0.4747,0.59754,0.4943,0.63402,0.4996,0.68606,0.4777
15,54,True,0.7592800259590149,0.4731000065803528,0.42964,0.4205,0.5184,0.4816,0.5227,0.4738,0.59706,0.4941,0.63308,0.5038,0.68736,0.4842
15,55,True,0.7612000107765198,0.4625999927520752,0.4302,0.4174,0.51968,0.4849,0.52236,0.4759,0.59508,0.4949,0.63172,0.5022,0.68124,0.4811
15,56,True,0.7670599818229675,0.476500004529953,0.43068,0.4203,0.51744,0.4853,0.52388,0.4771,0.59766,0.4952,0.63562,0.5018,0.69026,0.4818
15,57,True,0.7706999778747559,0.47699999809265137,0.43074,0.4213,0.51942,0.4845,0.52118,0.4733,0.59448,0.4973,0.63286,0.5038,0.68802,0.4803
15,58,True,0.7693399786949158,0.46630001068115234,0.4286,0.4183,0.51858,0.4843,0.5203,0.4763,0.5908,0.4974,0.62826,0.502,0.67828,0.4776
15,59,True,0.7739800214767456,0.4675999879837036,0.42892,0.4214,0.5203,0.4821,0.5206,0.4728,0.59378,0.4962,0.62864,0.5022,0.68278,0.4783
15,60,True,0.7777400016784668,0.4641000032424927,0.4299,0.4201,0.51916,0.4861,0.52566,0.4741,0.59984,0.4944,0.6386,0.5017,0.70572,0.475
15,61,True,0.7854999899864197,0.4659000039100647,0.42916,0.4208,0.51826,0.4852,0.52274,0.476,0.59548,0.4955,0.63368,0.498,0.69498,0.4755
15,62,True,0.7849199771881104,0.4708999991416931,0.42978,0.4181,0.5188,0.4817,0.52504,0.4737,0.59736,0.4952,0.6387,0.5013,0.70504,0.4808
15,63,True,0.7861999869346619,0.46630001068115234,0.42994,0.4185,0.5192,0.4851,0.52218,0.4738,0.596,0.4945,0.63238,0.5008,0.69614,0.4784
15,64,True,0.7898600101470947,0.460099995136261,0.42916,0.4203,0.51914,0.4834,0.52242,0.4766,0.59726,0.4915,0.63452,0.4995,0.69552,0.4749
15,65,True,0.7925800085067749,0.46889999508857727,0.42978,0.4202,0.51828,0.4839,0.52214,0.4703,0.5945,0.4958,0.63246,0.5,0.6854,0.4805
15,66,True,0.8024399876594543,0.4652999937534332,0.42906,0.4198,0.51854,0.4858,0.52322,0.4731,0.59638,0.4947,0.6341,0.4984,0.70022,0.4715
15,67,True,0.8019400238990784,0.4659999907016754,0.42876,0.4171,0.5182,0.4818,0.52182,0.4745,0.59392,0.493,0.63292,0.5027,0.68598,0.4719
15,68,True,0.8007000088691711,0.4650999903678894,0.43018,0.4195,0.51858,0.4842,0.52326,0.4742,0.59626,0.4985,0.64016,0.5054,0.71428,0.4806
15,69,True,0.8062800168991089,0.4616999924182892,0.43054,0.4221,0.51842,0.4856,0.5226,0.4786,0.59472,0.4987,0.63248,0.5031,0.68748,0.4744
15,70,True,0.8080999851226807,0.46230000257492065,0.4296,0.418,0.51792,0.4842,0.5242,0.477,0.5975,0.4979,0.6364,0.5006,0.69984,0.4802
15,71,True,0.8077200055122375,0.46369999647140503,0.42934,0.4182,0.51902,0.4818,0.5238,0.4738,0.59814,0.4948,0.63724,0.5028,0.70668,0.4832
15,72,True,0.8141400218009949,0.46309998631477356,0.43022,0.4191,0.51854,0.4843,0.52248,0.475,0.5986,0.4908,0.63936,0.502,0.71402,0.4748
15,73,True,0.8191199898719788,0.4661000072956085,0.42854,0.4202,0.51744,0.4839,0.52308,0.4731,0.59686,0.4956,0.63832,0.4996,0.7073,0.4723
15,74,True,0.8166199922561646,0.4560999870300293,0.4294,0.4205,0.51774,0.4839,0.52118,0.4708,0.59688,0.4967,0.63542,0.5012,0.70374,0.4665
15,75,True,0.8147600293159485,0.46549999713897705,0.42988,0.4182,0.51838,0.4861,0.5217,0.4725,0.59782,0.4934,0.63858,0.5005,0.70856,0.4761
15,76,True,0.8213199973106384,0.4584999978542328,0.42984,0.418,0.51872,0.4829,0.52166,0.4736,0.59852,0.4975,0.6385,0.5008,0.70832,0.4741
15,77,True,0.8261200189590454,0.46140000224113464,0.42966,0.4207,0.5181,0.4828,0.52308,0.4724,0.59988,0.4959,0.64,0.4969,0.7188,0.4728
15,78,True,0.8223199844360352,0.4713999927043915,0.42744,0.4177,0.51682,0.4823,0.5218,0.4746,0.59264,0.4953,0.63002,0.4994,0.68952,0.4764
15,79,True,0.8314999938011169,0.46129998564720154,0.42894,0.4215,0.51802,0.4815,0.52348,0.4724,0.59484,0.4962,0.63418,0.4985,0.7017,0.4685
15,80,True,0.8300600051879883,0.46549999713897705,0.42876,0.4174,0.51798,0.4823,0.5227,0.4701,0.59632,0.4938,0.6372,0.4987,0.71342,0.4728
15,81,True,0.8393399715423584,0.44909998774528503,0.42884,0.4191,0.51708,0.4863,0.52112,0.4746,0.59536,0.4937,0.63302,0.497,0.7016,0.4703
15,82,True,0.83788001537323,0.46790000796318054,0.42956,0.4186,0.51772,0.4831,0.52384,0.475,0.60298,0.4938,0.64646,0.498,0.73922,0.4745
15,83,True,0.8338199853897095,0.4564000070095062,0.42982,0.4183,0.5162,0.4849,0.52202,0.4781,0.59896,0.4897,0.63548,0.5016,0.70328,0.4696
15,84,True,0.8374999761581421,0.4571000039577484,0.43036,0.4187,0.51696,0.4853,0.51982,0.4754,0.59126,0.497,0.62924,0.5042,0.6917,0.4689
15,85,True,0.8453599810600281,0.4636000096797943,0.42968,0.4183,0.51684,0.487,0.52334,0.4724,0.59852,0.491,0.63936,0.4974,0.7231,0.4655
15,86,True,0.8449599742889404,0.45680001378059387,0.4279,0.4173,0.51726,0.4844,0.5212,0.4731,0.59766,0.4948,0.6386,0.4995,0.72468,0.4708
15,87,True,0.8385599851608276,0.4578000009059906,0.4279,0.4175,0.51824,0.4831,0.52274,0.476,0.59966,0.4955,0.64124,0.499,0.72802,0.4706
15,88,True,0.8456400036811829,0.46309998631477356,0.428,0.4198,0.5185,0.481,0.52218,0.4719,0.59566,0.4954,0.63596,0.4985,0.71192,0.4742
15,89,True,0.8375399708747864,0.460099995136261,0.43006,0.4191,0.51748,0.4839,0.52512,0.4756,0.5996,0.4965,0.63906,0.4969,0.71846,0.4723
15,90,True,0.8543599843978882,0.4650000035762787,0.4295,0.4215,0.51708,0.4826,0.52334,0.4726,0.60144,0.4947,0.64276,0.499,0.73804,0.4741
15,91,True,0.8538600206375122,0.4722000062465668,0.42884,0.4203,0.5178,0.4832,0.52314,0.4776,0.59962,0.4929,0.643,0.4957,0.73086,0.473
15,92,True,0.8496800065040588,0.4616999924182892,0.4276,0.4186,0.51596,0.4817,0.52104,0.4714,0.59664,0.4946,0.63756,0.4976,0.71484,0.4726
15,93,True,0.8550199866294861,0.46399998664855957,0.42912,0.4199,0.51708,0.4854,0.52232,0.475,0.60084,0.4972,0.64412,0.5008,0.73738,0.4733
15,94,True,0.855239987373352,0.45739999413490295,0.42916,0.418,0.51826,0.4857,0.52146,0.4721,0.59926,0.4931,0.63976,0.4982,0.72594,0.4708
15,95,True,0.8644199967384338,0.4587000012397766,0.42862,0.4196,0.51852,0.4825,0.52056,0.4693,0.59686,0.493,0.63716,0.4999,0.71718,0.471
15,96,True,0.8572999835014343,0.45969998836517334,0.42992,0.4201,0.51742,0.4834,0.51998,0.4771,0.5981,0.4964,0.63926,0.5039,0.72228,0.4697
15,97,True,0.8583400249481201,0.46459999680519104,0.42818,0.4163,0.517,0.4851,0.52304,0.4774,0.59742,0.4963,0.64076,0.4991,0.73946,0.4719
15,98,True,0.8644999861717224,0.46149998903274536,0.4283,0.4196,0.51704,0.4845,0.5175,0.4704,0.59576,0.4967,0.63796,0.5025,0.72762,0.4685
15,99,True,0.858299970626831,0.45339998602867126,0.42904,0.4159,0.51876,0.4831,0.5221,0.4765,0.59854,0.4918,0.64004,0.4992,0.73532,0.4679
15,100,True,0.8611800074577332,0.4487000107765198,0.42832,0.4198,0.51774,0.4859,0.52034,0.4739,0.59816,0.492,0.63972,0.4982,0.7242,0.4648
16,0,True,0.09136000275611877,0.08829999715089798,0.39728,0.3883,0.41812,0.4036,0.37998,0.3727,0.37184,0.3617,0.3894,0.3765,0.35266,0.346
16,1,True,0.30803999304771423,0.3686000108718872,0.3864,0.3861,0.446,0.4363,0.40512,0.4049,0.41372,0.4086,0.4283,0.4144,0.40514,0.4031
16,2,True,0.37968000769615173,0.3977000117301941,0.40108,0.3988,0.46384,0.4559,0.4358,0.4337,0.4455,0.4417,0.45792,0.4466,0.4379,0.4349
16,3,True,0.41141998767852783,0.4462999999523163,0.41422,0.4108,0.47878,0.4655,0.45354,0.4494,0.46698,0.4633,0.47994,0.4694,0.46392,0.4582
16,4,True,0.43873998522758484,0.4244000017642975,0.41834,0.4183,0.48894,0.4699,0.46272,0.4627,0.47938,0.4775,0.49142,0.4791,0.4745,0.4715
16,5,True,0.4541800022125244,0.4641999900341034,0.42568,0.4242,0.49366,0.4736,0.47416,0.4653,0.4911,0.4856,0.50468,0.4896,0.49112,0.4823
16,6,True,0.4705199897289276,0.4708000123500824,0.42976,0.4271,0.49924,0.4812,0.48076,0.4764,0.50396,0.4872,0.51872,0.4932,0.50646,0.4899
16,7,True,0.48076000809669495,0.47620001435279846,0.43038,0.429,0.50262,0.4834,0.48592,0.4748,0.50896,0.4922,0.5244,0.5026,0.51206,0.4909
16,8,True,0.48903998732566833,0.4853000044822693,0.43458,0.4301,0.50638,0.4844,0.49162,0.4789,0.51786,0.4998,0.53408,0.5085,0.5239,0.5033
16,9,True,0.4980199933052063,0.48019999265670776,0.43616,0.4311,0.50862,0.4855,0.49636,0.4822,0.52476,0.5022,0.54234,0.5072,0.5303,0.4965
16,10,True,0.5052599906921387,0.4896000027656555,0.43984,0.4345,0.51068,0.4881,0.5013,0.4852,0.53046,0.5062,0.54466,0.5124,0.53418,0.5013
16,11,True,0.5133399963378906,0.48649999499320984,0.43764,0.4291,0.51346,0.4854,0.50392,0.4801,0.53428,0.5039,0.54994,0.5088,0.54168,0.5004
16,12,True,0.5226799845695496,0.49709999561309814,0.4381,0.432,0.51402,0.4831,0.5058,0.4838,0.53816,0.5032,0.55332,0.5077,0.54262,0.5007
16,13,True,0.5289000272750854,0.506600022315979,0.43898,0.431,0.51448,0.4898,0.5088,0.4864,0.5448,0.5053,0.56246,0.5123,0.55608,0.5047
16,14,True,0.5353000164031982,0.4876999855041504,0.43858,0.4331,0.51398,0.4888,0.5087,0.4898,0.54442,0.5025,0.56242,0.5129,0.55134,0.5002
16,15,True,0.5401999950408936,0.5026999711990356,0.4431,0.4328,0.51646,0.4894,0.51328,0.4888,0.55352,0.5117,0.5692,0.5123,0.56218,0.5039
16,16,True,0.5460600256919861,0.4982999861240387,0.44382,0.4344,0.51714,0.4918,0.51268,0.4868,0.5538,0.5045,0.57118,0.513,0.5649,0.5042
16,17,True,0.5548800230026245,0.49000000953674316,0.44232,0.4299,0.5165,0.4857,0.51368,0.4848,0.55424,0.5011,0.57372,0.5041,0.56514,0.4996
16,18,True,0.5606200098991394,0.4918999969959259,0.44484,0.4349,0.5209,0.4917,0.51876,0.4927,0.56128,0.5091,0.58132,0.5131,0.5782,0.503
16,19,True,0.5666199922561646,0.5023999810218811,0.4431,0.4343,0.51872,0.4911,0.5201,0.4902,0.56604,0.5075,0.58308,0.5126,0.58538,0.5032
16,20,True,0.5716800093650818,0.507099986076355,0.44432,0.4335,0.52092,0.4929,0.52528,0.4915,0.57402,0.5121,0.59204,0.5182,0.59242,0.5093
16,21,True,0.5766800045967102,0.5029000043869019,0.44536,0.4329,0.51942,0.4921,0.52454,0.4934,0.56946,0.5054,0.59106,0.514,0.59092,0.5029
16,22,True,0.5868800282478333,0.5020999908447266,0.44572,0.4328,0.52012,0.4901,0.52502,0.4922,0.57626,0.5054,0.59858,0.5151,0.59772,0.5082
16,23,True,0.5936999917030334,0.4936999976634979,0.44444,0.4346,0.52274,0.4921,0.5267,0.4964,0.57586,0.5151,0.5988,0.5203,0.59826,0.5038
16,24,True,0.5993599891662598,0.49939998984336853,0.4464,0.4324,0.52212,0.4914,0.5277,0.4935,0.57774,0.5125,0.60074,0.5211,0.59986,0.5089
16,25,True,0.6044600009918213,0.4941999912261963,0.44476,0.4336,0.52168,0.4933,0.52766,0.4936,0.58,0.5077,0.60064,0.5163,0.60112,0.4983
16,26,True,0.6105999946594238,0.5055000185966492,0.44512,0.4336,0.52324,0.4912,0.53196,0.4954,0.58442,0.5097,0.60986,0.5141,0.6177,0.5025
16,27,True,0.612559974193573,0.4909000098705292,0.44542,0.4333,0.52274,0.4902,0.53048,0.4886,0.58254,0.507,0.61166,0.5136,0.61612,0.5058
16,28,True,0.6219800114631653,0.4867999851703644,0.44478,0.4332,0.52396,0.4908,0.52812,0.4916,0.58196,0.5091,0.60628,0.513,0.6086,0.4956
16,29,True,0.6258800029754639,0.501800000667572,0.44574,0.4292,0.52424,0.4918,0.53124,0.4954,0.58912,0.5148,0.61764,0.5173,0.62488,0.5045
16,30,True,0.6310799717903137,0.4966000020503998,0.4458,0.4316,0.5238,0.4927,0.53402,0.4965,0.59192,0.5063,0.6195,0.5158,0.63418,0.5037
16,31,True,0.6386200189590454,0.4934999942779541,0.44724,0.4317,0.52388,0.4937,0.53448,0.4922,0.59084,0.5056,0.62158,0.5174,0.63536,0.5024
16,32,True,0.6441599726676941,0.4950999915599823,0.44598,0.4323,0.52332,0.4923,0.53402,0.4916,0.59244,0.51,0.62264,0.5158,0.63914,0.5042
16,33,True,0.6499999761581421,0.49619999527931213,0.44558,0.4308,0.52408,0.489,0.53374,0.4944,0.59452,0.5092,0.6245,0.5162,0.64106,0.4992
16,34,True,0.6550599932670593,0.49540001153945923,0.44624,0.4301,0.5239,0.492,0.5325,0.4938,0.59284,0.5061,0.62374,0.5113,0.6424,0.4988
16,35,True,0.6594799757003784,0.49140000343322754,0.44448,0.4324,0.52376,0.4889,0.53102,0.4956,0.59036,0.5052,0.61734,0.5179,0.6312,0.4991
16,36,True,0.6655600070953369,0.48829999566078186,0.44556,0.4309,0.52636,0.4931,0.53262,0.4942,0.59358,0.508,0.62384,0.5145,0.64036,0.4965
16,37,True,0.6672400236129761,0.4837999939918518,0.44648,0.4317,0.5253,0.4868,0.53312,0.49,0.5909,0.5037,0.62346,0.5123,0.64154,0.4908
16,38,True,0.6794599890708923,0.5005000233650208,0.4465,0.4343,0.5259,0.4919,0.53784,0.4956,0.60546,0.5121,0.6383,0.5149,0.6709,0.4998
16,39,True,0.6816200017929077,0.4846000075340271,0.44564,0.4323,0.52556,0.4939,0.53664,0.4934,0.60346,0.5035,0.63514,0.5107,0.66318,0.4932
16,40,True,0.6864799857139587,0.4814000129699707,0.4455,0.4315,0.5242,0.4918,0.5356,0.4948,0.59682,0.5021,0.62736,0.5129,0.652,0.4872
16,41,True,0.6924200057983398,0.4860000014305115,0.4452,0.4299,0.52488,0.4915,0.53796,0.4929,0.60262,0.503,0.63958,0.51,0.67126,0.4955
16,42,True,0.6980800032615662,0.4880000054836273,0.44742,0.4345,0.52478,0.4877,0.53564,0.4956,0.59526,0.5051,0.62894,0.5111,0.64958,0.4878
16,43,True,0.7008200287818909,0.492000013589859,0.44512,0.4328,0.5253,0.4887,0.53784,0.4955,0.60524,0.5071,0.64036,0.511,0.67744,0.4922
16,44,True,0.7081800103187561,0.4772999882698059,0.44604,0.4313,0.52512,0.4893,0.5363,0.4945,0.5982,0.5019,0.62986,0.5111,0.65408,0.4868
16,45,True,0.7111600041389465,0.4871000051498413,0.44552,0.4331,0.52554,0.4871,0.53306,0.4934,0.59768,0.5043,0.63298,0.5102,0.66472,0.4914
16,46,True,0.7139400243759155,0.48829999566078186,0.44494,0.4315,0.52596,0.4913,0.53778,0.4932,0.60368,0.5062,0.64208,0.5123,0.67986,0.4929
16,47,True,0.7147200107574463,0.4733000099658966,0.44574,0.4304,0.52372,0.4896,0.53648,0.4951,0.599,0.5028,0.63694,0.5119,0.66968,0.4887
16,48,True,0.7239999771118164,0.4823000133037567,0.44538,0.433,0.52582,0.4861,0.53648,0.4939,0.60064,0.5007,0.63664,0.5075,0.67106,0.4858
16,49,True,0.7259600162506104,0.48910000920295715,0.44498,0.4282,0.52544,0.491,0.53672,0.4958,0.6006,0.5072,0.63928,0.5119,0.67542,0.4895
16,50,True,0.7322999835014343,0.47609999775886536,0.44416,0.4314,0.52368,0.4877,0.53634,0.4932,0.60548,0.5049,0.6401,0.5071,0.67772,0.4901
16,51,True,0.737820029258728,0.48579999804496765,0.445,0.4327,0.5259,0.4895,0.53734,0.4922,0.6032,0.5044,0.64258,0.5101,0.68664,0.4893
16,52,True,0.7370799779891968,0.4867999851703644,0.44664,0.4336,0.52632,0.4904,0.53694,0.4933,0.60494,0.5037,0.64334,0.5055,0.68944,0.4911
16,53,True,0.7415800094604492,0.4823000133037567,0.44528,0.4319,0.52454,0.4882,0.53778,0.4935,0.60364,0.503,0.64314,0.5124,0.68946,0.4883
16,54,True,0.7472800016403198,0.47360000014305115,0.44386,0.4288,0.52574,0.4895,0.53958,0.4923,0.60514,0.502,0.64512,0.5102,0.69352,0.4813
16,55,True,0.7496799826622009,0.4733000099658966,0.44474,0.4323,0.52478,0.4883,0.53678,0.49,0.60464,0.5026,0.64522,0.5072,0.69008,0.4804
16,56,True,0.7557200193405151,0.4706999957561493,0.44494,0.4332,0.52446,0.4896,0.53302,0.4912,0.60068,0.5008,0.63648,0.5108,0.67414,0.472
16,57,True,0.7555199861526489,0.4799000024795532,0.44466,0.4308,0.52566,0.4881,0.53696,0.4911,0.60508,0.5041,0.64708,0.5082,0.69746,0.4849
16,58,True,0.7586399912834167,0.48350000381469727,0.44532,0.4301,0.52526,0.4878,0.53884,0.4949,0.60518,0.5072,0.64714,0.512,0.7038,0.485
16,59,True,0.7638800144195557,0.46939998865127563,0.44526,0.4322,0.52528,0.4906,0.53616,0.4935,0.60574,0.5059,0.64684,0.5088,0.69498,0.479
16,60,True,0.7687000036239624,0.48010000586509705,0.44502,0.4317,0.52646,0.4906,0.53818,0.4953,0.60734,0.5061,0.65058,0.5123,0.7018,0.486
16,61,True,0.7720800042152405,0.48030000925064087,0.44332,0.4283,0.52464,0.4907,0.53604,0.4929,0.60164,0.5046,0.64316,0.5094,0.68552,0.4861
16,62,True,0.7744200229644775,0.4683000147342682,0.44524,0.4288,0.52526,0.4869,0.53936,0.4911,0.60918,0.5024,0.65292,0.5115,0.70556,0.4778
16,63,True,0.7768800258636475,0.4794999957084656,0.4445,0.431,0.52592,0.4906,0.53898,0.4971,0.60542,0.5021,0.64586,0.5112,0.69866,0.4818
16,64,True,0.781499981880188,0.47780001163482666,0.4459,0.4317,0.52556,0.4896,0.53966,0.4916,0.60774,0.5052,0.65134,0.5071,0.71574,0.4821
16,65,True,0.7846800088882446,0.4745999872684479,0.44542,0.4308,0.52422,0.4934,0.53568,0.4965,0.60732,0.5021,0.64974,0.5107,0.70092,0.4795
16,66,True,0.7833399772644043,0.46970000863075256,0.44528,0.4304,0.5246,0.4912,0.53578,0.4938,0.60456,0.5027,0.64498,0.5085,0.69648,0.4787
16,67,True,0.7855799794197083,0.4648999869823456,0.4457,0.43,0.52484,0.4881,0.53734,0.4943,0.60294,0.5006,0.64432,0.5065,0.69798,0.4739
16,68,True,0.7921000123023987,0.4779999852180481,0.44608,0.4322,0.52558,0.4908,0.5401,0.4941,0.6098,0.4976,0.65396,0.5072,0.725,0.4748
16,69,True,0.7978600263595581,0.482699990272522,0.44584,0.432,0.52616,0.4875,0.53822,0.4966,0.6074,0.5057,0.64852,0.5141,0.70604,0.4772
16,70,True,0.795199990272522,0.47209998965263367,0.44436,0.4314,0.52456,0.489,0.54078,0.4972,0.60708,0.5056,0.651,0.5133,0.71782,0.4773
16,71,True,0.7996600270271301,0.46399998664855957,0.44566,0.4318,0.52502,0.4918,0.53812,0.4938,0.60668,0.5004,0.651,0.5093,0.70766,0.4784
16,72,True,0.8025199770927429,0.47530001401901245,0.44474,0.4338,0.5254,0.4903,0.5382,0.4981,0.6076,0.5012,0.65114,0.5056,0.71512,0.4767
16,73,True,0.8084200024604797,0.47290000319480896,0.44646,0.4327,0.5247,0.4904,0.53866,0.4935,0.60884,0.5024,0.65362,0.5091,0.72582,0.4764
16,74,True,0.8067600131034851,0.46320000290870667,0.44482,0.4325,0.52574,0.4895,0.53654,0.4913,0.60242,0.5018,0.64438,0.5107,0.69542,0.4709
16,75,True,0.8090599775314331,0.46239998936653137,0.44466,0.4303,0.52382,0.4895,0.53806,0.4945,0.60434,0.4997,0.64486,0.5094,0.6987,0.4753
16,76,True,0.8148800134658813,0.46889999508857727,0.44464,0.4302,0.52418,0.4904,0.5392,0.492,0.6105,0.503,0.65636,0.5054,0.72852,0.4708
16,77,True,0.8144999742507935,0.46160000562667847,0.44488,0.4314,0.52408,0.4905,0.53848,0.4916,0.60394,0.5001,0.6465,0.505,0.70342,0.4714
16,78,True,0.8159000277519226,0.47130000591278076,0.44526,0.4323,0.52518,0.4898,0.5385,0.4931,0.60792,0.5016,0.65312,0.5083,0.72452,0.4746
16,79,True,0.8152599930763245,0.4675999879837036,0.44668,0.4335,0.5255,0.4914,0.53902,0.4876,0.60756,0.4979,0.65652,0.5073,0.7306,0.4783
16,80,True,0.8220400214195251,0.4666000008583069,0.445,0.4333,0.5243,0.4901,0.53854,0.4945,0.60664,0.4998,0.6535,0.5037,0.72558,0.4728
16,81,True,0.8194800019264221,0.45980000495910645,0.44382,0.4323,0.52426,0.4868,0.53626,0.4906,0.60268,0.4993,0.64398,0.5106,0.70258,0.4755
16,82,True,0.8206999897956848,0.4675999879837036,0.44514,0.435,0.52406,0.49,0.53604,0.4898,0.60542,0.4966,0.6507,0.5062,0.71676,0.4749
16,83,True,0.8286600112915039,0.4611000120639801,0.44554,0.431,0.52496,0.4893,0.54016,0.4914,0.60824,0.5029,0.6556,0.5064,0.73096,0.4701
16,84,True,0.8294000029563904,0.46869999170303345,0.4455,0.4332,0.5259,0.4885,0.53832,0.4881,0.60582,0.5016,0.65034,0.5105,0.71926,0.4743
16,85,True,0.830839991569519,0.46950000524520874,0.44448,0.4314,0.52314,0.4879,0.53862,0.4898,0.60654,0.4974,0.65096,0.5071,0.7159,0.4726
16,86,True,0.8301399946212769,0.47290000319480896,0.44534,0.4321,0.5239,0.4878,0.53942,0.4905,0.60916,0.5009,0.65738,0.5069,0.7349,0.4724
16,87,True,0.8269400000572205,0.4587000012397766,0.44526,0.4327,0.52416,0.4883,0.53504,0.4914,0.60216,0.4937,0.64286,0.5012,0.69752,0.4711
16,88,True,0.8340200185775757,0.4677000045776367,0.4458,0.4304,0.52414,0.487,0.53808,0.491,0.60984,0.4993,0.65548,0.5058,0.7373,0.4663
16,89,True,0.8339999914169312,0.47269999980926514,0.44348,0.4299,0.52388,0.4921,0.53744,0.4916,0.6073,0.5035,0.65172,0.5081,0.72282,0.4774
16,90,True,0.8371000289916992,0.4620000123977661,0.44544,0.4315,0.52464,0.4917,0.53884,0.4936,0.61068,0.502,0.6581,0.507,0.74322,0.4672
16,91,True,0.8382200002670288,0.46880000829696655,0.4462,0.4328,0.52498,0.4906,0.5371,0.4901,0.61046,0.4967,0.65732,0.5055,0.7422,0.4703
16,92,True,0.8452200293540955,0.46630001068115234,0.44578,0.4295,0.5229,0.4887,0.53838,0.4913,0.61096,0.5015,0.6582,0.508,0.74018,0.464
16,93,True,0.8431400060653687,0.460999995470047,0.44422,0.4329,0.52498,0.4897,0.53914,0.4951,0.61224,0.5031,0.65714,0.5085,0.73536,0.4704
16,94,True,0.8465800285339355,0.45669999718666077,0.4448,0.4313,0.52428,0.4881,0.53946,0.4943,0.60982,0.4984,0.65516,0.5071,0.73516,0.4649
16,95,True,0.8485400080680847,0.46880000829696655,0.4455,0.4284,0.52438,0.4895,0.53846,0.4902,0.6057,0.4973,0.6497,0.5047,0.71844,0.4696
16,96,True,0.8458799719810486,0.4717999994754791,0.44596,0.4285,0.52436,0.4862,0.53886,0.4909,0.60742,0.4931,0.65378,0.5004,0.72954,0.4715
16,97,True,0.8498200178146362,0.4675000011920929,0.4458,0.4322,0.52444,0.4893,0.53876,0.4981,0.60998,0.4987,0.6573,0.5032,0.73806,0.4723
16,98,True,0.8528800010681152,0.4659999907016754,0.4459,0.4304,0.52454,0.4907,0.54036,0.4961,0.60988,0.5025,0.65472,0.5064,0.74158,0.4729
16,99,True,0.8479200005531311,0.45809999108314514,0.44614,0.4298,0.52414,0.4912,0.53674,0.4931,0.6038,0.4964,0.64758,0.5065,0.71714,0.4678
16,100,True,0.8459200263023376,0.47290000319480896,0.44602,0.4284,0.52544,0.4887,0.5385,0.4929,0.6104,0.4983,0.65584,0.5077,0.73552,0.4682
17,0,True,0.10012000054121017,0.09989999979734421,0.39654,0.3901,0.42264,0.4046,0.38086,0.3712,0.37424,0.3688,0.39324,0.3752,0.35554,0.3451
17,1,True,0.2989400029182434,0.32330000400543213,0.37844,0.3746,0.43012,0.4147,0.39586,0.3948,0.40148,0.3959,0.4155,0.4018,0.3917,0.3903
17,2,True,0.3734399974346161,0.35670000314712524,0.39532,0.394,0.45954,0.4478,0.42426,0.4189,0.43382,0.4274,0.44552,0.4337,0.42708,0.4227
17,3,True,0.40849998593330383,0.4348999857902527,0.4092,0.4107,0.4743,0.4605,0.44342,0.4425,0.46042,0.4523,0.47058,0.4602,0.45386,0.4508
17,4,True,0.42879998683929443,0.4361000061035156,0.42138,0.4144,0.4838,0.4677,0.45948,0.455,0.4758,0.4623,0.48598,0.4667,0.47278,0.4652
17,5,True,0.44690001010894775,0.45500001311302185,0.42296,0.4167,0.48916,0.4737,0.47146,0.4627,0.4876,0.4753,0.49982,0.4805,0.48574,0.4721
17,6,True,0.4633600115776062,0.45579999685287476,0.42646,0.4163,0.49394,0.477,0.4766,0.4625,0.49472,0.473,0.5067,0.4785,0.49354,0.473
17,7,True,0.47176000475883484,0.4609000086784363,0.42586,0.4181,0.49606,0.4811,0.4798,0.4681,0.5002,0.4766,0.5145,0.4857,0.50144,0.4767
17,8,True,0.47940000891685486,0.4805000126361847,0.42994,0.4233,0.49978,0.4831,0.48858,0.4732,0.50956,0.4858,0.52604,0.4926,0.5135,0.4888
17,9,True,0.49070000648498535,0.459199994802475,0.42864,0.4208,0.5042,0.4791,0.4885,0.4716,0.51248,0.4832,0.5272,0.4912,0.51306,0.4825
17,10,True,0.49643999338150024,0.4823000133037567,0.4322,0.4248,0.50456,0.4808,0.49188,0.4737,0.5211,0.4892,0.5369,0.4998,0.52634,0.4906
17,11,True,0.5031399726867676,0.47839999198913574,0.43226,0.4221,0.50722,0.4852,0.49726,0.4755,0.5316,0.4987,0.54356,0.5006,0.53494,0.4922
17,12,True,0.5105599761009216,0.4625999927520752,0.432,0.424,0.50788,0.4814,0.4928,0.4701,0.52168,0.4887,0.53762,0.4935,0.52166,0.4847
17,13,True,0.5201200246810913,0.4867999851703644,0.43222,0.424,0.50926,0.4823,0.49914,0.4748,0.53602,0.4993,0.5513,0.5037,0.5458,0.4942
17,14,True,0.5267800092697144,0.4724999964237213,0.4356,0.4256,0.50922,0.4835,0.49868,0.4746,0.53634,0.4951,0.55248,0.5011,0.54554,0.4952
17,15,True,0.5299199819564819,0.4788999855518341,0.43256,0.4232,0.5125,0.4859,0.4982,0.4751,0.53644,0.4963,0.55176,0.501,0.54348,0.489
17,16,True,0.5380600094795227,0.4927999973297119,0.43596,0.4256,0.513,0.4849,0.50488,0.4792,0.54506,0.4955,0.56026,0.5056,0.5525,0.4927
17,17,True,0.543179988861084,0.492900013923645,0.43434,0.4258,0.51466,0.4853,0.5064,0.4762,0.55146,0.5005,0.56852,0.5052,0.56356,0.4973
17,18,True,0.5496199727058411,0.49619999527931213,0.4341,0.4278,0.51576,0.4858,0.50832,0.4792,0.55348,0.503,0.57166,0.511,0.56732,0.5023
17,19,True,0.5531399846076965,0.4952000081539154,0.43514,0.4277,0.51482,0.4864,0.50776,0.4778,0.55342,0.4982,0.57196,0.5017,0.56692,0.4939
17,20,True,0.5613399744033813,0.49380001425743103,0.43638,0.4246,0.51822,0.4853,0.50884,0.4775,0.55704,0.5013,0.57598,0.508,0.57138,0.4991
17,21,True,0.5651400089263916,0.490200012922287,0.43566,0.4225,0.51642,0.4877,0.50918,0.4768,0.55788,0.4993,0.5772,0.5073,0.57586,0.4966
17,22,True,0.5717399716377258,0.48820000886917114,0.43656,0.4271,0.51602,0.4872,0.50956,0.4785,0.56204,0.4984,0.58038,0.5062,0.57912,0.4978
17,23,True,0.5777000188827515,0.4864000082015991,0.43768,0.4278,0.51864,0.4892,0.5101,0.477,0.56152,0.5019,0.5823,0.5066,0.5813,0.4977
17,24,True,0.5799400210380554,0.49540001153945923,0.43774,0.427,0.5183,0.4856,0.51264,0.4762,0.56586,0.5018,0.58602,0.5087,0.59264,0.4983
17,25,True,0.5887200236320496,0.49779999256134033,0.43914,0.428,0.5184,0.4893,0.51578,0.4804,0.5699,0.5012,0.59458,0.5101,0.60344,0.4971
17,26,True,0.5916200280189514,0.4952000081539154,0.4381,0.4256,0.51742,0.4859,0.51442,0.4785,0.56542,0.4978,0.58794,0.5089,0.5925,0.4951
17,27,True,0.6025400161743164,0.4884999990463257,0.4381,0.426,0.52,0.486,0.51294,0.4766,0.569,0.5,0.59016,0.5106,0.5927,0.4938
17,28,True,0.6042400002479553,0.498199999332428,0.43936,0.4271,0.51872,0.487,0.51836,0.481,0.57186,0.4998,0.59688,0.5075,0.61094,0.5008
17,29,True,0.6105599999427795,0.4970000088214874,0.43902,0.4248,0.52008,0.4893,0.51644,0.4808,0.5746,0.5024,0.59758,0.5083,0.61174,0.4982
17,30,True,0.616379976272583,0.487199991941452,0.43738,0.4273,0.51866,0.4873,0.5173,0.4825,0.57454,0.4966,0.60318,0.5032,0.61472,0.4955
17,31,True,0.6196399927139282,0.491100013256073,0.43748,0.4259,0.51854,0.4854,0.51558,0.4775,0.57336,0.4995,0.6005,0.5051,0.61204,0.4957
17,32,True,0.6240400075912476,0.4909000098705292,0.43684,0.4256,0.5192,0.4857,0.51464,0.4756,0.57224,0.4948,0.60156,0.5044,0.61132,0.4888
17,33,True,0.6289200186729431,0.49079999327659607,0.43762,0.4255,0.52068,0.4845,0.5168,0.4763,0.5782,0.4938,0.60356,0.5025,0.61872,0.4913
17,34,True,0.6351400017738342,0.48420000076293945,0.43748,0.4255,0.51938,0.4842,0.51594,0.4789,0.57882,0.501,0.60634,0.5073,0.62408,0.4883
17,35,True,0.6401200294494629,0.48980000615119934,0.4384,0.4276,0.52102,0.4844,0.51856,0.4778,0.58062,0.4963,0.60992,0.5028,0.63504,0.4906
17,36,True,0.6455399990081787,0.4832000136375427,0.43894,0.4255,0.52154,0.4869,0.51918,0.4772,0.57912,0.4997,0.60572,0.5052,0.62778,0.4878
17,37,True,0.6512600183486938,0.48910000920295715,0.43868,0.4258,0.51956,0.4841,0.51974,0.4795,0.58132,0.4961,0.611,0.5045,0.63776,0.4946
17,38,True,0.6575000286102295,0.49070000648498535,0.43784,0.4262,0.52006,0.4864,0.52034,0.4814,0.58002,0.4972,0.611,0.5062,0.63776,0.4876
17,39,True,0.6612799763679504,0.4684999883174896,0.43836,0.4282,0.52056,0.4901,0.51832,0.4779,0.57612,0.4953,0.6061,0.5023,0.62678,0.4813
17,40,True,0.6703400015830994,0.48159998655319214,0.43958,0.4251,0.51928,0.487,0.5175,0.4756,0.57876,0.4958,0.61098,0.502,0.63478,0.4847
17,41,True,0.6714400053024292,0.4803999960422516,0.43854,0.4269,0.51908,0.4868,0.51854,0.4779,0.58206,0.4956,0.61632,0.501,0.64692,0.4817
17,42,True,0.6776999831199646,0.476500004529953,0.43812,0.4265,0.51968,0.4847,0.5191,0.4774,0.58164,0.499,0.6129,0.5063,0.63718,0.4799
17,43,True,0.6828799843788147,0.4772000014781952,0.43888,0.4273,0.52068,0.4877,0.51854,0.4752,0.58308,0.4996,0.61568,0.5037,0.6481,0.4817
17,44,True,0.6841199994087219,0.4812000095844269,0.43948,0.4252,0.51986,0.4874,0.5196,0.48,0.57922,0.4935,0.6115,0.5024,0.64334,0.4834
17,45,True,0.6917799711227417,0.4763000011444092,0.43802,0.4256,0.51948,0.4861,0.51822,0.4767,0.58206,0.4956,0.61338,0.5038,0.6484,0.478
17,46,True,0.6942800283432007,0.46129998564720154,0.44044,0.4273,0.52096,0.4888,0.51782,0.4772,0.58152,0.4948,0.61258,0.5,0.64264,0.4764
17,47,True,0.6991599798202515,0.4763999879360199,0.43956,0.4258,0.5212,0.487,0.5185,0.4738,0.58332,0.493,0.61824,0.5007,0.65988,0.482
17,48,True,0.7086799740791321,0.4690999984741211,0.43852,0.4269,0.51806,0.4884,0.51336,0.4729,0.57768,0.493,0.6088,0.4967,0.63754,0.4807
17,49,True,0.7056000232696533,0.47029998898506165,0.43802,0.4272,0.51962,0.4882,0.51898,0.4781,0.58468,0.4958,0.61786,0.5043,0.6515,0.477
17,50,True,0.715179979801178,0.48260000348091125,0.43928,0.4252,0.51996,0.4865,0.52074,0.4764,0.58422,0.4953,0.62076,0.5026,0.67,0.4834
17,51,True,0.7128199934959412,0.46549999713897705,0.43818,0.4258,0.51868,0.4873,0.5197,0.4751,0.58014,0.4952,0.61294,0.5026,0.65594,0.4766
17,52,True,0.7204800248146057,0.4731999933719635,0.4397,0.4272,0.51962,0.4874,0.52082,0.4751,0.58658,0.5003,0.6199,0.505,0.66106,0.4709
17,53,True,0.7275800108909607,0.4706000089645386,0.4402,0.4256,0.52038,0.4908,0.51726,0.4786,0.58042,0.4964,0.61354,0.5015,0.64794,0.474
17,54,True,0.7350999712944031,0.4715000092983246,0.43908,0.4273,0.52054,0.4871,0.51636,0.4735,0.58174,0.4949,0.61606,0.5032,0.6552,0.4776
17,55,True,0.7322199940681458,0.46480000019073486,0.4401,0.4278,0.51778,0.4897,0.51802,0.4775,0.58098,0.4942,0.61688,0.5015,0.66638,0.4733
17,56,True,0.7397800087928772,0.4699999988079071,0.43756,0.4251,0.5199,0.4872,0.5177,0.4744,0.58706,0.4976,0.62314,0.503,0.6754,0.4751
17,57,True,0.7434999942779541,0.47380000352859497,0.4382,0.426,0.51942,0.4889,0.51864,0.4772,0.58212,0.4996,0.61878,0.5057,0.66896,0.476
17,58,True,0.745419979095459,0.4648999869823456,0.43932,0.4252,0.51872,0.4858,0.52152,0.4728,0.58316,0.4933,0.61992,0.5015,0.66738,0.4739
17,59,True,0.7461599707603455,0.4661000072956085,0.43934,0.4246,0.52,0.4899,0.51978,0.4748,0.58858,0.4998,0.62594,0.504,0.68724,0.4744
17,60,True,0.7524200081825256,0.4578000009059906,0.43688,0.4256,0.52044,0.4841,0.51372,0.4694,0.57912,0.4962,0.61232,0.501,0.65694,0.4686
17,61,True,0.7560200095176697,0.46549999713897705,0.43826,0.4252,0.52076,0.4859,0.51866,0.4739,0.58578,0.4939,0.62274,0.4997,0.68256,0.4727
17,62,True,0.7591599822044373,0.4699999988079071,0.43688,0.427,0.52024,0.4862,0.5197,0.4711,0.5846,0.4972,0.62158,0.4985,0.6865,0.4709
17,63,True,0.7649999856948853,0.46560001373291016,0.4384,0.4272,0.52022,0.4859,0.51648,0.4721,0.58462,0.4971,0.62158,0.4995,0.68,0.4743
17,64,True,0.7667999863624573,0.4749999940395355,0.43818,0.4286,0.51996,0.4874,0.5187,0.4742,0.58654,0.4962,0.6233,0.5023,0.68814,0.4735
17,65,True,0.762660026550293,0.4652000069618225,0.43862,0.4276,0.51998,0.4864,0.51754,0.4725,0.58524,0.4948,0.62074,0.4965,0.68264,0.4693
17,66,True,0.7750800251960754,0.4652000069618225,0.43804,0.4252,0.51892,0.4851,0.51736,0.4731,0.58748,0.4956,0.62558,0.4995,0.6905,0.4677
17,67,True,0.7749000191688538,0.45969998836517334,0.43752,0.4248,0.51944,0.4883,0.51814,0.4728,0.5854,0.4918,0.62112,0.4975,0.68488,0.4661
17,68,True,0.7792800068855286,0.4578000009059906,0.43854,0.4267,0.5209,0.49,0.51732,0.4722,0.58368,0.4921,0.61866,0.4948,0.67914,0.4678
17,69,True,0.776639997959137,0.46540001034736633,0.43908,0.4277,0.52018,0.4894,0.51746,0.4747,0.58698,0.4951,0.62346,0.4972,0.69196,0.467
17,70,True,0.7859600186347961,0.45750001072883606,0.43704,0.4274,0.5189,0.4876,0.51632,0.4705,0.58194,0.4921,0.62054,0.498,0.68378,0.461
17,71,True,0.7791399955749512,0.4602999985218048,0.43946,0.4286,0.5195,0.4867,0.5204,0.4735,0.58478,0.4942,0.62188,0.499,0.69022,0.4658
17,72,True,0.7903599739074707,0.4666000008583069,0.43814,0.4266,0.52052,0.4868,0.51764,0.473,0.58862,0.493,0.62802,0.5013,0.7057,0.468
17,73,True,0.7929999828338623,0.46050000190734863,0.43904,0.4274,0.51924,0.4855,0.51768,0.4752,0.58298,0.4932,0.62038,0.4928,0.68174,0.4698
17,74,True,0.7940800189971924,0.4546000063419342,0.4371,0.4286,0.5194,0.4877,0.51566,0.4733,0.5848,0.4947,0.62148,0.4986,0.68702,0.4619
17,75,True,0.7970399856567383,0.46160000562667847,0.43732,0.4271,0.51884,0.4845,0.51876,0.4703,0.58568,0.4924,0.6227,0.5016,0.69672,0.4657
17,76,True,0.8027799725532532,0.46320000290870667,0.43804,0.4256,0.51982,0.4876,0.51744,0.4728,0.58478,0.4946,0.6262,0.4998,0.70676,0.4725
17,77,True,0.8000199794769287,0.4553999900817871,0.43778,0.4249,0.52012,0.4872,0.5155,0.4723,0.5812,0.4952,0.62226,0.4981,0.68992,0.4603
17,78,True,0.7979999780654907,0.45260000228881836,0.43874,0.4264,0.5215,0.4863,0.51774,0.4706,0.58582,0.4951,0.62468,0.4959,0.69988,0.4616
17,79,True,0.8078799843788147,0.4593000113964081,0.43762,0.4268,0.51816,0.4871,0.51662,0.4724,0.58394,0.4929,0.62282,0.4987,0.70318,0.4638
17,80,True,0.8043199777603149,0.4627000093460083,0.43802,0.4284,0.51964,0.4877,0.51974,0.4729,0.58518,0.4916,0.62564,0.4968,0.70558,0.467
17,81,True,0.814079999923706,0.4498000144958496,0.43772,0.426,0.51958,0.4883,0.51756,0.4709,0.58064,0.4887,0.61716,0.4978,0.67956,0.4623
17,82,True,0.8070399761199951,0.4595000147819519,0.4393,0.4279,0.51984,0.4869,0.5184,0.4717,0.59086,0.4937,0.6289,0.5026,0.71268,0.4601
17,83,True,0.8118799924850464,0.4602999985218048,0.43884,0.4264,0.51958,0.4877,0.51652,0.4721,0.58968,0.4914,0.63002,0.4981,0.72002,0.4647
17,84,True,0.8150200247764587,0.4584999978542328,0.43918,0.4281,0.51996,0.4889,0.51602,0.4737,0.5828,0.4879,0.62256,0.4958,0.69394,0.461
17,85,True,0.8132200241088867,0.46230000257492065,0.43786,0.4281,0.51784,0.4893,0.51708,0.4701,0.5861,0.4959,0.6262,0.5031,0.71178,0.4685
17,86,True,0.8196200132369995,0.4607999920845032,0.43702,0.4285,0.51746,0.4876,0.5151,0.4753,0.58306,0.4889,0.61918,0.4996,0.69404,0.4662
17,87,True,0.8174800276756287,0.46790000796318054,0.43852,0.4272,0.51762,0.4861,0.51732,0.4707,0.58764,0.4907,0.6286,0.4975,0.72316,0.4691
17,88,True,0.8240000009536743,0.4465999901294708,0.4373,0.4273,0.51984,0.4868,0.51792,0.4705,0.58068,0.4931,0.61962,0.5014,0.69592,0.459
17,89,True,0.8263199925422668,0.4578999876976013,0.4395,0.4257,0.51956,0.4874,0.51888,0.4741,0.58614,0.4877,0.6249,0.4981,0.7119,0.4601
17,90,True,0.8316400051116943,0.459199994802475,0.43692,0.4271,0.5197,0.4862,0.5177,0.4729,0.58598,0.4957,0.62692,0.4998,0.71696,0.4665
17,91,True,0.8294399976730347,0.453000009059906,0.43762,0.4272,0.51982,0.4881,0.51796,0.4688,0.58502,0.4909,0.62462,0.501,0.71552,0.4637
17,92,True,0.8257799744606018,0.4584999978542328,0.4385,0.4274,0.51932,0.4878,0.51876,0.4719,0.58854,0.4934,0.6283,0.4967,0.71984,0.4675
17,93,True,0.8319399952888489,0.4519999921321869,0.43792,0.4252,0.51778,0.4857,0.51706,0.4719,0.58858,0.4901,0.62584,0.4968,0.71266,0.4574
17,94,True,0.8326799869537354,0.4593999981880188,0.43796,0.4257,0.52024,0.4872,0.51758,0.4719,0.5855,0.4906,0.62608,0.4988,0.71164,0.4615
17,95,True,0.8348600268363953,0.45419999957084656,0.43698,0.4267,0.51904,0.4863,0.51692,0.4724,0.58604,0.4902,0.62492,0.4983,0.70922,0.4607
17,96,True,0.837660014629364,0.454800009727478,0.43784,0.4254,0.51884,0.4881,0.51752,0.473,0.5868,0.4935,0.62864,0.4987,0.72532,0.4629
17,97,True,0.8385400176048279,0.45019999146461487,0.4371,0.4291,0.51916,0.4862,0.5165,0.47,0.5819,0.4915,0.61818,0.4945,0.70008,0.4544
17,98,True,0.8363199830055237,0.4503999948501587,0.43792,0.4262,0.51936,0.4897,0.5187,0.471,0.58716,0.4927,0.62786,0.4993,0.72614,0.4593
17,99,True,0.8444200158119202,0.4553999900817871,0.43756,0.4263,0.5185,0.4866,0.51626,0.4716,0.5854,0.4913,0.62748,0.4959,0.72426,0.4591
17,100,True,0.8333399891853333,0.4487000107765198,0.43808,0.4272,0.51926,0.4869,0.51582,0.4716,0.58356,0.4925,0.62452,0.4933,0.7085,0.4572
18,0,True,0.09895999729633331,0.09939999878406525,0.4016,0.3851,0.42294,0.4047,0.37714,0.3696,0.3661,0.3626,0.38678,0.3726,0.34732,0.3367
18,1,True,0.3044799864292145,0.3463999927043915,0.37588,0.3815,0.43706,0.4307,0.40344,0.4022,0.40972,0.4089,0.42618,0.4133,0.40128,0.4004
18,2,True,0.3838199973106384,0.39890000224113464,0.39884,0.3969,0.4631,0.4506,0.42842,0.4292,0.43922,0.4354,0.453,0.4385,0.43504,0.43
18,3,True,0.4114600121974945,0.4072999954223633,0.40444,0.4024,0.47786,0.4663,0.44898,0.4436,0.4571,0.4473,0.47188,0.4572,0.45034,0.446
18,4,True,0.4317600131034851,0.4413999915122986,0.41478,0.4096,0.48684,0.4722,0.46406,0.4568,0.47676,0.4725,0.49122,0.4727,0.47868,0.4723
18,5,True,0.4506799876689911,0.44440001249313354,0.4184,0.4083,0.48984,0.4745,0.47078,0.4602,0.48724,0.4741,0.49928,0.4782,0.48416,0.469
18,6,True,0.4654200077056885,0.4668999910354614,0.41922,0.414,0.49504,0.4769,0.48232,0.4683,0.49802,0.4862,0.51264,0.4917,0.4977,0.4823
18,7,True,0.4775199890136719,0.476500004529953,0.42826,0.42,0.49946,0.4792,0.48572,0.468,0.50836,0.4876,0.52372,0.4977,0.51002,0.4888
18,8,True,0.4853399991989136,0.4966999888420105,0.43172,0.4233,0.5033,0.48,0.49178,0.473,0.51722,0.4885,0.5321,0.4955,0.52408,0.4966
18,9,True,0.49577999114990234,0.4844000041484833,0.43146,0.4212,0.50382,0.4823,0.49592,0.4777,0.52324,0.4933,0.53832,0.4999,0.52808,0.4971
18,10,True,0.5080400109291077,0.48500001430511475,0.4325,0.4235,0.5062,0.4837,0.49662,0.4754,0.52914,0.498,0.54382,0.5076,0.53576,0.5025
18,11,True,0.5101600289344788,0.47870001196861267,0.43482,0.4224,0.5055,0.4844,0.4978,0.4738,0.52896,0.4957,0.54526,0.5038,0.53436,0.4974
18,12,True,0.5186600089073181,0.49140000343322754,0.4348,0.4251,0.5101,0.4851,0.50472,0.4813,0.53662,0.4998,0.5538,0.5056,0.54612,0.5039
18,13,True,0.5222399830818176,0.486299991607666,0.43396,0.4228,0.51076,0.4872,0.50178,0.4777,0.53736,0.5024,0.55388,0.5056,0.54626,0.4991
18,14,True,0.5304999947547913,0.46950000524520874,0.43388,0.4243,0.5101,0.482,0.50048,0.4768,0.53678,0.4946,0.55268,0.5013,0.54092,0.4955
18,15,True,0.5394999980926514,0.49459999799728394,0.43482,0.4249,0.5121,0.4883,0.5083,0.4801,0.55008,0.504,0.56612,0.5114,0.56434,0.5078
18,16,True,0.5475800037384033,0.4893999993801117,0.43382,0.4268,0.51462,0.4886,0.50666,0.4835,0.54944,0.5034,0.56694,0.5105,0.5575,0.5019
18,17,True,0.5539000034332275,0.5044000148773193,0.43666,0.4268,0.51558,0.4885,0.5132,0.4824,0.55434,0.5015,0.57348,0.5068,0.57112,0.5026
18,18,True,0.5577600002288818,0.4927999973297119,0.43582,0.424,0.5147,0.4903,0.51234,0.4847,0.55728,0.5007,0.5769,0.5111,0.57324,0.5031
18,19,True,0.5633400082588196,0.5026000142097473,0.43546,0.4271,0.51718,0.4886,0.50906,0.4803,0.56236,0.5003,0.58308,0.5091,0.58578,0.5056
18,20,True,0.5725399851799011,0.4966000020503998,0.43614,0.4243,0.51608,0.487,0.51288,0.4822,0.56316,0.5014,0.58388,0.5069,0.58054,0.5043
18,21,True,0.5753200054168701,0.4950000047683716,0.43888,0.429,0.51786,0.4884,0.51384,0.4816,0.5613,0.5005,0.58156,0.512,0.5874,0.5041
18,22,True,0.580560028553009,0.4934000074863434,0.43816,0.4242,0.51916,0.4911,0.51804,0.4839,0.571,0.5063,0.5945,0.5135,0.60036,0.505
18,23,True,0.5895199775695801,0.484499990940094,0.43736,0.4237,0.51808,0.4873,0.51288,0.4789,0.56254,0.5019,0.58592,0.5058,0.58428,0.4944
18,24,True,0.5946999788284302,0.4957999885082245,0.4372,0.4281,0.5189,0.4908,0.51708,0.484,0.57208,0.5038,0.59532,0.5072,0.60236,0.5043
18,25,True,0.5996999740600586,0.5012999773025513,0.43856,0.4279,0.51918,0.4917,0.51712,0.4833,0.5769,0.5055,0.60378,0.5092,0.6148,0.5034
18,26,True,0.6077399849891663,0.4936999976634979,0.43748,0.4249,0.5184,0.4898,0.51758,0.4824,0.57504,0.4996,0.59738,0.5061,0.6053,0.4985
18,27,True,0.6108599901199341,0.5026999711990356,0.43706,0.424,0.51912,0.4905,0.5175,0.4816,0.57576,0.5069,0.60282,0.513,0.61432,0.5043
18,28,True,0.6140999794006348,0.5004000067710876,0.43808,0.4256,0.51808,0.4893,0.51544,0.4819,0.57924,0.501,0.60768,0.5058,0.6184,0.4972
18,29,True,0.6235600113868713,0.48410001397132874,0.43864,0.4253,0.52106,0.4852,0.5186,0.4791,0.58132,0.5048,0.60856,0.5098,0.62088,0.4959
18,30,True,0.6296600103378296,0.492000013589859,0.4361,0.4256,0.51906,0.4892,0.52086,0.4849,0.5813,0.5047,0.60788,0.5111,0.62216,0.4987
18,31,True,0.6337400078773499,0.48579999804496765,0.43878,0.4251,0.51986,0.4913,0.52028,0.4813,0.58486,0.5008,0.61158,0.506,0.6255,0.4921
18,32,True,0.6438800096511841,0.4878000020980835,0.43744,0.4255,0.52074,0.487,0.51784,0.4828,0.58482,0.5057,0.613,0.5088,0.62416,0.489
18,33,True,0.6444000005722046,0.49239999055862427,0.43738,0.4255,0.51898,0.4884,0.5202,0.4841,0.58682,0.5027,0.61622,0.5095,0.63222,0.4967
18,34,True,0.6510800123214722,0.4934000074863434,0.43748,0.4282,0.52068,0.4894,0.52,0.4827,0.58406,0.5069,0.61382,0.5123,0.63298,0.4914
18,35,True,0.6585999727249146,0.49140000343322754,0.43956,0.4261,0.52066,0.4912,0.52222,0.4833,0.59032,0.5067,0.61932,0.51,0.64134,0.4939
18,36,True,0.6628199815750122,0.48489999771118164,0.43724,0.4246,0.52022,0.4883,0.51656,0.4786,0.58508,0.5062,0.6119,0.5097,0.63126,0.4889
18,37,True,0.667900025844574,0.47999998927116394,0.43634,0.4278,0.5226,0.4913,0.5192,0.4798,0.58966,0.5084,0.62032,0.5079,0.64334,0.4836
18,38,True,0.6721400022506714,0.4839000105857849,0.43928,0.4284,0.52106,0.4915,0.51908,0.4806,0.59204,0.5087,0.62426,0.5109,0.64922,0.489
18,39,True,0.6735799908638,0.48260000348091125,0.43744,0.4243,0.51956,0.4895,0.5205,0.4841,0.5886,0.5065,0.62092,0.511,0.65102,0.4901
18,40,True,0.6801000237464905,0.48539999127388,0.43774,0.4255,0.52044,0.4914,0.52092,0.4814,0.59192,0.5041,0.62456,0.5081,0.65712,0.4897
18,41,True,0.6881399750709534,0.4828999936580658,0.439,0.4279,0.52134,0.4888,0.51824,0.4776,0.59238,0.5072,0.62536,0.5041,0.65596,0.4871
18,42,True,0.6932799816131592,0.47769999504089355,0.43782,0.4301,0.5213,0.4908,0.52088,0.4838,0.59152,0.5025,0.62646,0.506,0.65754,0.4856
18,43,True,0.6974999904632568,0.47699999809265137,0.43698,0.4268,0.51942,0.4885,0.52056,0.4817,0.5866,0.5102,0.61902,0.5123,0.6405,0.4832
18,44,True,0.7015200257301331,0.4781000018119812,0.4367,0.4272,0.52058,0.4891,0.51992,0.4806,0.59394,0.5028,0.62994,0.504,0.66604,0.4832
18,45,True,0.7072799801826477,0.4787999987602234,0.43718,0.4274,0.52024,0.4887,0.52302,0.4807,0.59332,0.5057,0.62716,0.509,0.66252,0.4883
18,46,True,0.7134799957275391,0.46480000019073486,0.4383,0.4264,0.52096,0.4856,0.52174,0.4823,0.59322,0.5027,0.6287,0.5058,0.66576,0.4791
18,47,True,0.7186599969863892,0.476500004529953,0.43838,0.4235,0.52066,0.4875,0.52096,0.4738,0.5888,0.4988,0.62444,0.5048,0.65764,0.4813
18,48,True,0.7244399785995483,0.475600004196167,0.43792,0.4271,0.52054,0.4899,0.52246,0.4807,0.5911,0.5022,0.62404,0.5097,0.65978,0.4819
18,49,True,0.7272999882698059,0.46799999475479126,0.43762,0.4276,0.5212,0.4895,0.5206,0.4772,0.59374,0.5004,0.62948,0.5054,0.66464,0.4783
18,50,True,0.7285000085830688,0.48669999837875366,0.43724,0.4263,0.52116,0.4881,0.52466,0.481,0.60012,0.507,0.63846,0.5091,0.6887,0.4825
18,51,True,0.7371399998664856,0.48429998755455017,0.43786,0.4266,0.5221,0.4884,0.52512,0.4812,0.599,0.5067,0.6377,0.513,0.68694,0.4858
18,52,True,0.7389199733734131,0.4781999886035919,0.43864,0.4249,0.51918,0.4858,0.52222,0.4806,0.5869,0.4995,0.6233,0.5052,0.65682,0.4798
18,53,True,0.7465599775314331,0.4733000099658966,0.43832,0.4257,0.52122,0.4899,0.5233,0.4776,0.59918,0.5061,0.63726,0.5079,0.68676,0.4818
18,54,True,0.746999979019165,0.4778999984264374,0.43696,0.4241,0.52112,0.4904,0.52304,0.4799,0.59838,0.5053,0.63454,0.5077,0.686,0.4851
18,55,True,0.7484999895095825,0.4763000011444092,0.43752,0.4248,0.52024,0.489,0.52126,0.4791,0.59406,0.5033,0.6317,0.5087,0.67896,0.4829
18,56,True,0.756659984588623,0.47269999980926514,0.43782,0.4257,0.52094,0.4889,0.52292,0.4756,0.59596,0.503,0.63326,0.513,0.68652,0.478
18,57,True,0.7615200281143188,0.474700003862381,0.43784,0.4262,0.5208,0.4907,0.52216,0.4759,0.59744,0.4971,0.6381,0.5081,0.69546,0.4825
18,58,True,0.7577800154685974,0.4699000120162964,0.43834,0.427,0.52078,0.4892,0.52182,0.4789,0.59802,0.4989,0.63564,0.5042,0.68628,0.4791
18,59,True,0.7647200226783752,0.4717000126838684,0.43878,0.4251,0.52016,0.4878,0.52238,0.4767,0.595,0.503,0.6349,0.5084,0.68632,0.4803
18,60,True,0.7669000029563904,0.46309998631477356,0.4387,0.4237,0.51968,0.4898,0.51954,0.4772,0.59402,0.4964,0.63186,0.5038,0.68326,0.4781
18,61,True,0.7688999772071838,0.4616999924182892,0.4375,0.4267,0.5194,0.4898,0.5238,0.4779,0.59294,0.4989,0.63446,0.5053,0.6902,0.479
18,62,True,0.7758600115776062,0.4706000089645386,0.43828,0.424,0.52116,0.4877,0.52232,0.4767,0.59896,0.4993,0.63828,0.5043,0.70082,0.4723
18,63,True,0.777459979057312,0.46869999170303345,0.43774,0.4238,0.52044,0.4893,0.52192,0.475,0.59738,0.4996,0.63666,0.5044,0.69372,0.4732
18,64,True,0.7806800007820129,0.47450000047683716,0.43868,0.4261,0.5209,0.4895,0.52436,0.476,0.60192,0.5008,0.64314,0.5057,0.71538,0.4761
18,65,True,0.7807599902153015,0.4715999960899353,0.4383,0.4266,0.52026,0.4882,0.52194,0.4743,0.59736,0.5015,0.6379,0.5003,0.69256,0.4766
18,66,True,0.7887799739837646,0.4740999937057495,0.43794,0.4274,0.5209,0.4899,0.5236,0.4775,0.60016,0.4987,0.64336,0.5066,0.71706,0.4777
18,67,True,0.7856600284576416,0.4666999876499176,0.43892,0.428,0.52048,0.4877,0.52124,0.4794,0.59782,0.4994,0.6411,0.5056,0.70198,0.4709
18,68,True,0.7928000092506409,0.4684999883174896,0.4371,0.4238,0.52094,0.4896,0.5221,0.476,0.59988,0.4981,0.64018,0.5067,0.70538,0.4737
18,69,True,0.796280026435852,0.46369999647140503,0.43706,0.4226,0.51924,0.4873,0.52064,0.4789,0.59494,0.501,0.6369,0.5058,0.6961,0.4756
18,70,True,0.7997000217437744,0.47189998626708984,0.43892,0.4239,0.52084,0.4882,0.52374,0.4799,0.6003,0.5022,0.64212,0.5064,0.71364,0.4742
18,71,True,0.8016600012779236,0.46480000019073486,0.43862,0.4258,0.51982,0.4872,0.5231,0.4788,0.5999,0.4999,0.6407,0.5047,0.71518,0.4755
18,72,True,0.8031200170516968,0.4629000127315521,0.4387,0.4277,0.52074,0.4893,0.52308,0.4779,0.59958,0.4989,0.6392,0.5062,0.71126,0.4732
18,73,True,0.8040800094604492,0.4691999852657318,0.4392,0.4263,0.51974,0.4899,0.52208,0.4779,0.59882,0.5031,0.64252,0.5048,0.71498,0.4749
18,74,True,0.8076000213623047,0.46790000796318054,0.43792,0.4252,0.51988,0.4882,0.52208,0.4778,0.59678,0.4982,0.63852,0.5004,0.70596,0.4755
18,75,True,0.8104000091552734,0.46070000529289246,0.43874,0.4256,0.51898,0.4897,0.52414,0.4786,0.59572,0.4995,0.63788,0.5084,0.70404,0.4661
18,76,True,0.8093600273132324,0.4537999927997589,0.43912,0.4232,0.52042,0.4888,0.52376,0.4787,0.59722,0.5025,0.63904,0.5028,0.7095,0.4693
18,77,True,0.8183199763298035,0.4715999960899353,0.4375,0.4264,0.52004,0.4902,0.52106,0.4769,0.59734,0.5014,0.63808,0.5044,0.70768,0.4751
18,78,True,0.8184199929237366,0.4528999924659729,0.4385,0.4259,0.52036,0.4897,0.52118,0.476,0.59512,0.4977,0.6365,0.5009,0.70202,0.469
18,79,True,0.8182200193405151,0.4544999897480011,0.43702,0.4227,0.52072,0.4896,0.52318,0.4757,0.59264,0.4955,0.6356,0.5038,0.69252,0.4716
18,80,True,0.8220599889755249,0.4607999920845032,0.43772,0.4278,0.52102,0.4884,0.52188,0.4734,0.59518,0.4987,0.6384,0.5038,0.70592,0.4682
18,81,True,0.8240200281143188,0.4553999900817871,0.4384,0.4259,0.5193,0.4899,0.52176,0.4768,0.5969,0.5031,0.63778,0.5038,0.70526,0.4673
18,82,True,0.8208000063896179,0.4616999924182892,0.4378,0.4276,0.52144,0.4914,0.52328,0.4779,0.60004,0.499,0.64332,0.505,0.72596,0.4719
18,83,True,0.8296399712562561,0.461899995803833,0.43806,0.4269,0.52072,0.4898,0.52254,0.4773,0.60098,0.5005,0.64314,0.5029,0.72486,0.4714
18,84,True,0.8234400153160095,0.4684000015258789,0.43902,0.4252,0.5201,0.488,0.52316,0.4791,0.59618,0.5013,0.63918,0.5048,0.71336,0.4693
18,85,True,0.8374800086021423,0.46470001339912415,0.43768,0.4236,0.52002,0.4887,0.52404,0.4749,0.59852,0.501,0.63984,0.5015,0.7156,0.4705
18,86,True,0.8283600211143494,0.45010000467300415,0.43602,0.4227,0.51984,0.49,0.51988,0.4757,0.59538,0.497,0.63584,0.4978,0.7048,0.4636
18,87,True,0.8347600102424622,0.4553000032901764,0.43804,0.4278,0.52106,0.4892,0.52208,0.4751,0.5962,0.5009,0.63766,0.4993,0.7175,0.4692
18,88,True,0.8344600200653076,0.4551999866962433,0.43792,0.425,0.5212,0.4895,0.5214,0.477,0.597,0.4976,0.63926,0.4998,0.71778,0.4624
18,89,True,0.8406999707221985,0.46480000019073486,0.4385,0.4264,0.52162,0.4877,0.52344,0.4743,0.5977,0.4982,0.64114,0.4966,0.72574,0.4715
18,90,True,0.8383600115776062,0.4602000117301941,0.43732,0.4261,0.52118,0.4889,0.52374,0.478,0.59986,0.4974,0.64364,0.4996,0.74014,0.4709
18,91,True,0.8374800086021423,0.46810001134872437,0.438,0.4251,0.521,0.4873,0.5232,0.4754,0.60276,0.4977,0.64834,0.5002,0.74188,0.4675
18,92,True,0.84552001953125,0.46459999680519104,0.43666,0.4253,0.51972,0.4884,0.52266,0.477,0.6,0.4989,0.64574,0.4999,0.73652,0.4733
18,93,True,0.844760000705719,0.46320000290870667,0.43744,0.4251,0.52124,0.4879,0.52298,0.4748,0.60088,0.4977,0.64662,0.5052,0.73956,0.4711
18,94,True,0.8538200259208679,0.45329999923706055,0.4368,0.4273,0.52098,0.4905,0.523,0.4737,0.59958,0.4984,0.64338,0.4981,0.7333,0.467
18,95,True,0.8464999794960022,0.45249998569488525,0.43702,0.4263,0.52076,0.4894,0.5235,0.4795,0.5987,0.4999,0.64434,0.5019,0.7376,0.4704
18,96,True,0.844539999961853,0.46389999985694885,0.4371,0.4253,0.52104,0.4863,0.52144,0.477,0.5978,0.4968,0.64036,0.4995,0.72052,0.468
18,97,True,0.8523600101470947,0.461899995803833,0.43716,0.4243,0.5205,0.4906,0.52148,0.4778,0.59994,0.5013,0.6447,0.4999,0.73654,0.4712
18,98,True,0.8554400205612183,0.4596000015735626,0.43858,0.4281,0.52072,0.4874,0.52394,0.4786,0.60016,0.5006,0.64412,0.5023,0.73936,0.4658
18,99,True,0.8567600250244141,0.4625000059604645,0.4369,0.4243,0.5198,0.4879,0.52312,0.4791,0.59698,0.5019,0.63972,0.5014,0.72536,0.4673
18,100,True,0.8519799709320068,0.45750001072883606,0.43702,0.4258,0.51992,0.4893,0.52084,0.4767,0.60154,0.5016,0.64562,0.4999,0.74072,0.4616
19,0,True,0.09769999980926514,0.09769999980926514,0.3956,0.3892,0.41894,0.4018,0.38092,0.3696,0.37052,0.3603,0.38922,0.3685,0.35316,0.3481
19,1,True,0.3073199987411499,0.3528999984264374,0.38306,0.3817,0.44518,0.4339,0.40942,0.4084,0.41636,0.41,0.42926,0.4167,0.4045,0.4005
19,2,True,0.3827599883079529,0.40119999647140503,0.4021,0.4006,0.464,0.4521,0.43286,0.4322,0.44266,0.4366,0.45544,0.4452,0.43526,0.4342
19,3,True,0.4135400056838989,0.43619999289512634,0.41326,0.4065,0.47872,0.4613,0.45368,0.446,0.4635,0.4542,0.47578,0.4607,0.46002,0.4561
19,4,True,0.43257999420166016,0.43320000171661377,0.41946,0.4109,0.48324,0.4668,0.46238,0.4586,0.47746,0.4669,0.48986,0.4705,0.47612,0.4623
19,5,True,0.4508199989795685,0.4593000113964081,0.4224,0.412,0.48962,0.4716,0.4728,0.4609,0.49034,0.4777,0.50298,0.4817,0.48982,0.4741
19,6,True,0.4641000032424927,0.46129998564720154,0.42576,0.4143,0.49684,0.474,0.47746,0.4643,0.49994,0.4809,0.51308,0.4822,0.49562,0.4738
19,7,True,0.4781000018119812,0.4648999869823456,0.42872,0.4163,0.49792,0.4726,0.4813,0.4679,0.50346,0.4821,0.5164,0.4885,0.50522,0.4796
19,8,True,0.4866600036621094,0.47749999165534973,0.43274,0.4143,0.50268,0.4782,0.48848,0.4694,0.51522,0.4896,0.5275,0.4945,0.51998,0.4905
19,9,True,0.4928399920463562,0.4683000147342682,0.4322,0.4157,0.50316,0.4731,0.49076,0.4669,0.51712,0.4846,0.53042,0.4919,0.51918,0.4882
19,10,True,0.5026000142097473,0.48170000314712524,0.43354,0.4134,0.50726,0.4803,0.49452,0.4717,0.52904,0.4922,0.54276,0.4962,0.5327,0.4966
19,11,True,0.5078799724578857,0.4846000075340271,0.4357,0.4202,0.5076,0.4822,0.49434,0.4736,0.52946,0.4937,0.54612,0.4958,0.5356,0.4953
19,12,True,0.5146600008010864,0.48570001125335693,0.43162,0.4129,0.50892,0.48,0.50134,0.4743,0.53588,0.4947,0.55066,0.4994,0.54402,0.4933
19,13,True,0.5236999988555908,0.4702000021934509,0.43746,0.4202,0.51344,0.4853,0.50162,0.4769,0.53798,0.503,0.55326,0.5101,0.54268,0.4979
19,14,True,0.5317400097846985,0.4871000051498413,0.43574,0.4159,0.51428,0.4857,0.50714,0.4833,0.5447,0.5008,0.56176,0.5076,0.5497,0.4969
19,15,True,0.5384600162506104,0.4844000041484833,0.4339,0.4175,0.5138,0.4833,0.50948,0.4808,0.5477,0.5052,0.56544,0.5081,0.55852,0.5036
19,16,True,0.5450199842453003,0.4934000074863434,0.43818,0.4194,0.51732,0.489,0.511,0.4863,0.55362,0.5013,0.57072,0.5096,0.56476,0.5103
19,17,True,0.5520600080490112,0.46939998865127563,0.43856,0.4224,0.51204,0.4812,0.49956,0.4735,0.5366,0.501,0.55332,0.5,0.53808,0.4943
19,18,True,0.5534399747848511,0.49129998683929443,0.43684,0.4186,0.51914,0.4871,0.51178,0.4844,0.5583,0.5029,0.57544,0.5062,0.56962,0.5066
19,19,True,0.5621399879455566,0.49129998683929443,0.44084,0.4199,0.51982,0.4867,0.51236,0.481,0.5583,0.5046,0.5788,0.5111,0.57068,0.504
19,20,True,0.5690400004386902,0.4993000030517578,0.4394,0.4178,0.51798,0.4863,0.51678,0.4838,0.562,0.5057,0.58292,0.512,0.58148,0.5094
19,21,True,0.575659990310669,0.5027999877929688,0.44072,0.4199,0.52082,0.4906,0.51908,0.4887,0.56848,0.512,0.58844,0.5146,0.584,0.5163
19,22,True,0.5794000029563904,0.4986000061035156,0.4401,0.4208,0.5216,0.4844,0.51918,0.4869,0.57352,0.5046,0.59464,0.5073,0.59616,0.5035
19,23,True,0.5827999711036682,0.49720001220703125,0.43996,0.4185,0.52084,0.4884,0.52246,0.4858,0.57568,0.5077,0.59574,0.5141,0.599,0.5057
19,24,True,0.5881400108337402,0.5020999908447266,0.439,0.4157,0.52092,0.4893,0.52068,0.4851,0.57648,0.5079,0.5981,0.5118,0.6023,0.5054
19,25,True,0.5992599725723267,0.4837000072002411,0.44152,0.4191,0.52114,0.4862,0.52034,0.4851,0.56962,0.4991,0.59258,0.5075,0.59212,0.495
19,26,True,0.6015200018882751,0.4941999912261963,0.4417,0.4177,0.52206,0.4872,0.52214,0.4856,0.5801,0.5045,0.60512,0.5113,0.60978,0.5004
19,27,True,0.6099600195884705,0.48840001225471497,0.44018,0.4175,0.52308,0.4872,0.52246,0.4848,0.57552,0.5028,0.60176,0.5067,0.60596,0.4971
19,28,True,0.616320013999939,0.49079999327659607,0.44132,0.4211,0.5229,0.4906,0.52572,0.4875,0.58468,0.5068,0.61044,0.5117,0.62192,0.5028
19,29,True,0.6183800101280212,0.49410000443458557,0.44206,0.419,0.52302,0.4863,0.5264,0.4899,0.58056,0.5062,0.60672,0.51,0.61492,0.4989
19,30,True,0.6283000111579895,0.49300000071525574,0.44088,0.42,0.52256,0.4864,0.5249,0.4815,0.58534,0.5017,0.61468,0.5079,0.62666,0.4968
19,31,True,0.6315600275993347,0.4936999976634979,0.4404,0.4206,0.52252,0.4868,0.52714,0.4845,0.58246,0.5049,0.61112,0.5077,0.6197,0.4924
19,32,True,0.6345199942588806,0.49570000171661377,0.44214,0.4197,0.52364,0.4856,0.524,0.4857,0.58398,0.5093,0.61046,0.5131,0.6224,0.5014
19,33,True,0.6426799893379211,0.48820000886917114,0.4419,0.4202,0.52414,0.4891,0.5233,0.486,0.58314,0.5036,0.6115,0.5066,0.62484,0.4976
19,34,True,0.646619975566864,0.482699990272522,0.44302,0.4176,0.52262,0.4869,0.52448,0.4811,0.5841,0.5009,0.61048,0.5082,0.62402,0.4901
19,35,True,0.6536399722099304,0.48089998960494995,0.44014,0.4201,0.52328,0.4865,0.5266,0.4807,0.58668,0.5019,0.6185,0.504,0.63466,0.4932
19,36,True,0.6636000275611877,0.49399998784065247,0.44146,0.4175,0.52278,0.4882,0.52722,0.4841,0.59512,0.5055,0.62752,0.509,0.65286,0.4962
19,37,True,0.6643400192260742,0.492000013589859,0.4403,0.4187,0.52292,0.4855,0.52724,0.483,0.59042,0.5013,0.62324,0.5079,0.64686,0.4946
19,38,True,0.6666399836540222,0.48750001192092896,0.43976,0.4211,0.52302,0.4899,0.52908,0.487,0.59214,0.5042,0.62554,0.5151,0.64746,0.498
19,39,True,0.6721000075340271,0.4812000095844269,0.4418,0.4165,0.5231,0.4836,0.5276,0.4815,0.58952,0.505,0.62226,0.5109,0.64628,0.4913
19,40,True,0.6802999973297119,0.4810999929904938,0.44212,0.4191,0.5245,0.4855,0.52778,0.4825,0.5934,0.5091,0.6271,0.5094,0.65874,0.4904
19,41,True,0.6879400014877319,0.4884999990463257,0.44112,0.4176,0.52362,0.4899,0.52774,0.4837,0.59912,0.5072,0.63336,0.5083,0.66888,0.4926
19,42,True,0.6904000043869019,0.4726000130176544,0.4412,0.4185,0.52272,0.4867,0.5293,0.481,0.59228,0.5068,0.62912,0.5097,0.65544,0.4829
19,43,True,0.6957600116729736,0.48179998993873596,0.4389,0.4139,0.52248,0.4879,0.52718,0.4825,0.59156,0.5002,0.62538,0.5047,0.65146,0.4849
19,44,True,0.6980199813842773,0.47749999165534973,0.44116,0.4206,0.52348,0.4857,0.52812,0.4851,0.59362,0.4994,0.62816,0.5096,0.66156,0.4881
19,45,True,0.7032999992370605,0.47929999232292175,0.44234,0.4179,0.52408,0.4893,0.5284,0.481,0.59456,0.5047,0.6308,0.5083,0.6683,0.4865
19,46,True,0.7049800157546997,0.4832000136375427,0.44342,0.4175,0.52442,0.4879,0.52706,0.4815,0.59134,0.5048,0.62608,0.5083,0.65988,0.4852
19,47,True,0.7128400206565857,0.47530001401901245,0.44326,0.4173,0.524,0.4871,0.52696,0.482,0.5896,0.4984,0.62084,0.5065,0.65084,0.4872
19,48,True,0.716159999370575,0.47690001130104065,0.4404,0.417,0.52362,0.4843,0.52932,0.4826,0.59336,0.5047,0.63032,0.5106,0.66408,0.4792
19,49,True,0.72461998462677,0.47369998693466187,0.44208,0.4204,0.52428,0.4868,0.52784,0.4812,0.59528,0.5017,0.6311,0.5063,0.66894,0.4827
19,50,True,0.7282800078392029,0.48240000009536743,0.4417,0.4187,0.52386,0.4884,0.52692,0.4814,0.59612,0.5068,0.63192,0.5136,0.6677,0.4848
19,51,True,0.7313399910926819,0.4602999985218048,0.44172,0.4183,0.52338,0.4872,0.52802,0.4814,0.59328,0.5021,0.62632,0.5082,0.65962,0.4752
19,52,True,0.73444002866745,0.4747999906539917,0.44246,0.4208,0.52348,0.4854,0.53,0.4833,0.59902,0.5038,0.63772,0.5068,0.68264,0.4786
19,53,True,0.740339994430542,0.475600004196167,0.44112,0.4201,0.52428,0.4863,0.53026,0.4832,0.59798,0.5031,0.63818,0.5084,0.68092,0.4825
19,54,True,0.7443000078201294,0.4652999937534332,0.44012,0.421,0.523,0.488,0.52802,0.4826,0.5955,0.5002,0.63032,0.5061,0.66944,0.4776
19,55,True,0.7441400289535522,0.47530001401901245,0.44226,0.4196,0.52332,0.4875,0.5322,0.4828,0.59876,0.5042,0.64,0.5095,0.6964,0.4839
19,56,True,0.7480599880218506,0.46540001034736633,0.44132,0.4192,0.52322,0.4881,0.52916,0.4823,0.59302,0.5037,0.63004,0.5082,0.67152,0.4798
19,57,True,0.7551599740982056,0.4717999994754791,0.44152,0.4173,0.52364,0.4864,0.52656,0.4779,0.59582,0.5008,0.63618,0.5058,0.68002,0.4786
19,58,True,0.7570599913597107,0.4681999981403351,0.44012,0.4208,0.5233,0.4824,0.52806,0.4808,0.59382,0.5067,0.63264,0.5081,0.67656,0.4771
19,59,True,0.7603399753570557,0.4717000126838684,0.44256,0.4196,0.52292,0.4881,0.52864,0.4805,0.59808,0.5021,0.63756,0.509,0.6901,0.4795
19,60,True,0.7616199851036072,0.4722000062465668,0.44072,0.4181,0.52364,0.4859,0.53058,0.4807,0.6009,0.5043,0.6428,0.5094,0.7032,0.4772
19,61,True,0.7681599855422974,0.47360000014305115,0.44064,0.4168,0.52308,0.4877,0.52998,0.4831,0.59606,0.503,0.63574,0.5092,0.68052,0.4778
19,62,True,0.77183997631073,0.46889999508857727,0.44096,0.4172,0.52298,0.4854,0.52884,0.4824,0.59872,0.5023,0.63886,0.5064,0.6881,0.4723
19,63,True,0.7737600207328796,0.4706999957561493,0.44202,0.4192,0.52352,0.4854,0.52918,0.4792,0.60206,0.5041,0.64194,0.5098,0.69886,0.476
19,64,True,0.7783399820327759,0.46880000829696655,0.44062,0.419,0.52328,0.4849,0.52792,0.4833,0.59766,0.4994,0.63832,0.5043,0.6913,0.479
19,65,True,0.7807400226593018,0.4625000059604645,0.44052,0.4171,0.5227,0.4841,0.5289,0.4796,0.6026,0.499,0.64336,0.5049,0.70274,0.4661
19,66,True,0.787880003452301,0.460999995470047,0.4408,0.4171,0.52372,0.4845,0.52928,0.4844,0.59914,0.5011,0.64206,0.506,0.69924,0.4725
19,67,True,0.7892600297927856,0.45899999141693115,0.44076,0.4201,0.52258,0.4869,0.5287,0.4827,0.59348,0.4975,0.63352,0.5049,0.6827,0.4752
19,68,True,0.7876200079917908,0.45890000462532043,0.44006,0.4164,0.52338,0.4896,0.52964,0.4822,0.5993,0.5027,0.6428,0.5051,0.70678,0.4732
19,69,True,0.793720006942749,0.4578000009059906,0.44084,0.4189,0.5248,0.4849,0.52936,0.4807,0.59964,0.5028,0.64278,0.5095,0.70116,0.4696
19,70,True,0.7943000197410583,0.46470001339912415,0.44076,0.4155,0.52314,0.4888,0.52878,0.484,0.59596,0.5021,0.63822,0.5066,0.6902,0.4706
19,71,True,0.7930799722671509,0.46230000257492065,0.44084,0.4187,0.52348,0.4857,0.53018,0.4816,0.59816,0.5015,0.63972,0.5019,0.69922,0.4654
19,72,True,0.8027799725532532,0.4634000062942505,0.44052,0.4163,0.5236,0.4858,0.52908,0.4806,0.59684,0.5031,0.63924,0.503,0.70362,0.4721
19,73,True,0.799239993095398,0.46970000863075256,0.44082,0.418,0.52278,0.4876,0.52862,0.4788,0.59796,0.5013,0.63898,0.5049,0.7059,0.4705
19,74,True,0.8054199814796448,0.4706000089645386,0.4412,0.4189,0.523,0.4835,0.53132,0.4804,0.59714,0.5018,0.64154,0.506,0.70992,0.4774
19,75,True,0.8059599995613098,0.45680001378059387,0.44008,0.4175,0.52292,0.4858,0.52778,0.4802,0.5978,0.497,0.64248,0.5016,0.70368,0.4668
19,76,True,0.8072400093078613,0.4643000066280365,0.43978,0.4165,0.5226,0.482,0.52962,0.4815,0.59694,0.5003,0.64042,0.5037,0.70578,0.4738
19,77,True,0.8101199865341187,0.4507000148296356,0.44178,0.4149,0.52318,0.4837,0.52882,0.4817,0.59638,0.4966,0.63996,0.5049,0.69998,0.468
19,78,True,0.8117200136184692,0.4569000005722046,0.44234,0.4202,0.52442,0.4829,0.52978,0.4795,0.59762,0.5028,0.6419,0.5068,0.70774,0.472
19,79,True,0.8159400224685669,0.45419999957084656,0.4411,0.4172,0.52368,0.4856,0.53054,0.4788,0.60144,0.5011,0.6473,0.5037,0.7172,0.4663
19,80,True,0.8189399838447571,0.4498000144958496,0.44188,0.4182,0.524,0.4863,0.52908,0.4791,0.597,0.4937,0.64054,0.5024,0.70618,0.4674
19,81,True,0.8197600245475769,0.4526999890804291,0.43882,0.4184,0.52218,0.4831,0.52844,0.4805,0.59776,0.5044,0.63748,0.5045,0.69814,0.4637
19,82,True,0.821619987487793,0.45579999685287476,0.4425,0.4195,0.5238,0.4815,0.53068,0.481,0.59748,0.5018,0.64158,0.5078,0.71644,0.4666
19,83,True,0.8190000057220459,0.4609000086784363,0.44084,0.4169,0.5249,0.4827,0.52984,0.4799,0.6005,0.4973,0.6473,0.5084,0.72096,0.4734
19,84,True,0.8251799941062927,0.451200008392334,0.44006,0.4153,0.523,0.4868,0.5265,0.4806,0.59122,0.501,0.6314,0.5045,0.68272,0.4713
19,85,True,0.8288800120353699,0.4555000066757202,0.44104,0.4167,0.52286,0.4873,0.5304,0.4831,0.59828,0.501,0.64546,0.5092,0.7202,0.4684
19,86,True,0.8298400044441223,0.45500001311302185,0.44054,0.4162,0.52332,0.4847,0.5285,0.4801,0.59664,0.4991,0.63968,0.5033,0.71026,0.4674
19,87,True,0.8310199975967407,0.46540001034736633,0.44048,0.4167,0.5245,0.4882,0.52802,0.4813,0.59948,0.5026,0.64508,0.5021,0.7263,0.4734
19,88,True,0.8323400020599365,0.4584999978542328,0.44234,0.4178,0.52346,0.4848,0.5292,0.479,0.60098,0.5026,0.64926,0.5074,0.73696,0.4735
19,89,True,0.8345000147819519,0.46399998664855957,0.43964,0.416,0.5238,0.4855,0.52676,0.4782,0.5964,0.5009,0.64126,0.5067,0.71648,0.4698
19,90,True,0.8348000049591064,0.4578000009059906,0.44046,0.417,0.52198,0.4861,0.52658,0.4784,0.5948,0.4959,0.63908,0.501,0.70778,0.4669
19,91,True,0.8339400291442871,0.45750001072883606,0.44026,0.4166,0.5218,0.4873,0.5263,0.4771,0.5951,0.5042,0.6411,0.5042,0.71006,0.4707
19,92,True,0.839959979057312,0.45329999923706055,0.44058,0.4174,0.52314,0.4841,0.53014,0.4813,0.59992,0.5017,0.64582,0.5056,0.72234,0.4647
19,93,True,0.8356999754905701,0.4512999951839447,0.44036,0.4175,0.52478,0.4838,0.52728,0.4776,0.6001,0.5015,0.64634,0.5065,0.72832,0.4643
19,94,True,0.8376200199127197,0.4616999924182892,0.4398,0.4143,0.52376,0.4853,0.52888,0.4822,0.6022,0.5063,0.6468,0.5065,0.73362,0.469
19,95,True,0.8453999757766724,0.4521999955177307,0.43978,0.4164,0.52356,0.4865,0.52668,0.4815,0.59802,0.5006,0.64202,0.5065,0.72404,0.4657
19,96,True,0.8418800234794617,0.4512999951839447,0.44116,0.4167,0.52368,0.4843,0.5276,0.4806,0.59894,0.5003,0.6439,0.5026,0.7222,0.4615
19,97,True,0.8454800248146057,0.45399999618530273,0.44064,0.4184,0.52462,0.4832,0.52892,0.4808,0.59894,0.5043,0.64662,0.5084,0.72704,0.4625
19,98,True,0.8452600240707397,0.44999998807907104,0.44152,0.4185,0.52446,0.4821,0.52906,0.4792,0.60006,0.4988,0.64734,0.5045,0.73666,0.4647
19,99,True,0.845740020275116,0.44999998807907104,0.44098,0.4189,0.5233,0.4859,0.5281,0.4809,0.59934,0.4983,0.6471,0.5051,0.72654,0.4591
19,100,True,0.8471800088882446,0.46050000190734863,0.44148,0.4186,0.52306,0.4841,0.52732,0.4822,0.59842,0.4996,0.6432,0.5053,0.72126,0.4679
20,0,True,0.100040003657341,0.10010000318288803,0.3916,0.3828,0.41748,0.3968,0.37646,0.3682,0.35988,0.3503,0.3791,0.3647,0.34306,0.3363
20,1,True,0.3023799955844879,0.34769999980926514,0.38742,0.3881,0.445,0.4409,0.40988,0.4052,0.41524,0.4075,0.4284,0.4121,0.39942,0.3941
20,2,True,0.3785400092601776,0.42559999227523804,0.40612,0.4073,0.46858,0.4602,0.43644,0.4343,0.44684,0.4445,0.46078,0.4461,0.44162,0.4405
20,3,True,0.41631999611854553,0.4348999857902527,0.41668,0.414,0.4798,0.4705,0.44862,0.4438,0.4657,0.459,0.48066,0.4667,0.45676,0.4552
20,4,True,0.43654000759124756,0.44909998774528503,0.42258,0.4244,0.48998,0.4783,0.4646,0.4548,0.48626,0.4727,0.49932,0.4803,0.48012,0.47
20,5,True,0.45677998661994934,0.46799999475479126,0.4271,0.4271,0.49504,0.4781,0.47922,0.465,0.4976,0.4827,0.5104,0.4872,0.49824,0.4861
20,6,True,0.46851998567581177,0.4505999982357025,0.42984,0.425,0.49942,0.4809,0.48112,0.467,0.50256,0.4815,0.51852,0.4899,0.50226,0.4822
20,7,True,0.4810999929904938,0.4724999964237213,0.42964,0.4279,0.50398,0.4849,0.48836,0.4727,0.51258,0.4942,0.52626,0.5018,0.51344,0.4896
20,8,True,0.49017998576164246,0.47920000553131104,0.43356,0.4291,0.50612,0.4844,0.49318,0.4742,0.51944,0.4967,0.53444,0.5028,0.5203,0.4918
20,9,True,0.49757999181747437,0.47870001196861267,0.4352,0.4276,0.50676,0.4846,0.49662,0.4744,0.52492,0.4964,0.5384,0.5025,0.52774,0.4922
20,10,True,0.5087800025939941,0.4875999987125397,0.43596,0.429,0.5115,0.4869,0.5047,0.4769,0.53452,0.5004,0.55014,0.5078,0.5391,0.4998
20,11,True,0.5157600045204163,0.484499990940094,0.43708,0.429,0.5126,0.4854,0.50432,0.4796,0.5388,0.503,0.55456,0.5117,0.54406,0.5073
20,12,True,0.5246000289916992,0.4932999908924103,0.43574,0.4261,0.51528,0.4873,0.5068,0.4845,0.54056,0.5088,0.55888,0.5168,0.54934,0.5079
20,13,True,0.5360000133514404,0.492900013923645,0.43838,0.4268,0.5148,0.4873,0.5118,0.4841,0.54812,0.5103,0.56442,0.5162,0.55318,0.5007
20,14,True,0.5417400002479553,0.5004000067710876,0.43626,0.4294,0.51638,0.4893,0.51292,0.4877,0.5541,0.5099,0.57142,0.5154,0.56286,0.5107
20,15,True,0.5502600073814392,0.5027999877929688,0.44324,0.4321,0.5196,0.4889,0.5187,0.4893,0.5609,0.5113,0.58126,0.5171,0.57436,0.5121
20,16,True,0.5564600229263306,0.49390000104904175,0.44144,0.431,0.52098,0.4891,0.51894,0.4831,0.55874,0.5065,0.57554,0.5093,0.56938,0.5044
20,17,True,0.5628600120544434,0.4984999895095825,0.4407,0.428,0.51984,0.4874,0.52104,0.4849,0.5647,0.5072,0.58306,0.515,0.57906,0.5062
20,18,True,0.5707600116729736,0.4957999885082245,0.44286,0.4286,0.5218,0.4851,0.5226,0.4881,0.56664,0.5101,0.5862,0.5114,0.57932,0.507
20,19,True,0.5771200060844421,0.4918000102043152,0.44266,0.4316,0.52254,0.4886,0.52252,0.4904,0.56964,0.514,0.58774,0.5143,0.58246,0.5072
20,20,True,0.5839200019836426,0.5041999816894531,0.44606,0.4319,0.5228,0.4913,0.53128,0.4898,0.58034,0.51,0.60148,0.5145,0.60032,0.5083
20,21,True,0.5905600190162659,0.5081999897956848,0.44468,0.4293,0.52644,0.4907,0.53,0.4878,0.57918,0.5154,0.6008,0.5169,0.6051,0.5109
20,22,True,0.5936800241470337,0.5031999945640564,0.44124,0.4264,0.52522,0.4912,0.52942,0.4884,0.58222,0.5126,0.60488,0.5183,0.6053,0.5061
20,23,True,0.6044999957084656,0.5083000063896179,0.44234,0.4285,0.52518,0.4895,0.53306,0.4897,0.58832,0.516,0.61114,0.5174,0.61734,0.5101
20,24,True,0.6095799803733826,0.5072000026702881,0.44076,0.4294,0.52772,0.4909,0.53182,0.4905,0.58666,0.5157,0.61036,0.5189,0.61574,0.5123
20,25,True,0.619159996509552,0.5103999972343445,0.44604,0.434,0.52816,0.4938,0.53584,0.4886,0.59008,0.5103,0.61252,0.5186,0.62016,0.515
20,26,True,0.6223599910736084,0.49540001153945923,0.44404,0.4284,0.52802,0.4931,0.53272,0.4864,0.59016,0.5093,0.61394,0.519,0.62016,0.505
20,27,True,0.6274600028991699,0.5131999850273132,0.44386,0.4312,0.52924,0.4886,0.53954,0.4901,0.5972,0.5183,0.62526,0.5152,0.63804,0.5101
20,28,True,0.6368799805641174,0.4799000024795532,0.44542,0.4329,0.52736,0.4908,0.53812,0.4886,0.59464,0.5116,0.62136,0.5096,0.62692,0.5034
20,29,True,0.6442199945449829,0.4984999895095825,0.44424,0.4274,0.52812,0.4921,0.53956,0.4891,0.60056,0.5095,0.62982,0.5152,0.64702,0.5058
20,30,True,0.6486799716949463,0.503000020980835,0.444,0.4292,0.5284,0.494,0.5365,0.4857,0.59912,0.5151,0.62838,0.5148,0.6383,0.5029
20,31,True,0.6543599963188171,0.49230000376701355,0.4449,0.4279,0.52676,0.4889,0.53764,0.4836,0.59842,0.5098,0.62702,0.5142,0.63988,0.5003
20,32,True,0.6589400172233582,0.49149999022483826,0.44782,0.4271,0.52938,0.4902,0.53868,0.4905,0.59824,0.5084,0.62664,0.5099,0.64266,0.4982
20,33,True,0.6656200289726257,0.4927000105381012,0.44692,0.4317,0.52954,0.4912,0.54048,0.4891,0.6027,0.5079,0.63532,0.511,0.65652,0.4978
20,34,True,0.6701200008392334,0.49380001425743103,0.44412,0.4303,0.52866,0.4895,0.53954,0.4879,0.60568,0.5142,0.63894,0.5172,0.6605,0.5023
20,35,True,0.6798200011253357,0.4984999895095825,0.44466,0.4289,0.52812,0.4943,0.53988,0.4898,0.60328,0.5107,0.63826,0.51,0.66024,0.4995
20,36,True,0.6808000206947327,0.4925999939441681,0.4443,0.433,0.52848,0.4888,0.53912,0.4875,0.6045,0.5113,0.63856,0.5113,0.6603,0.4996
20,37,True,0.691860020160675,0.49399998784065247,0.4454,0.4289,0.52864,0.4891,0.54032,0.4872,0.61408,0.5087,0.64858,0.5115,0.68094,0.4946
20,38,True,0.6973999738693237,0.49050000309944153,0.44474,0.4271,0.52932,0.4955,0.54304,0.4908,0.60626,0.5089,0.64238,0.5121,0.66992,0.4947
20,39,True,0.7062399983406067,0.49480000138282776,0.4453,0.4288,0.52962,0.4921,0.54172,0.4883,0.61214,0.5139,0.65118,0.5084,0.68158,0.4994
20,40,True,0.7077400088310242,0.483599990606308,0.44392,0.4303,0.52688,0.4921,0.5444,0.4901,0.61012,0.5061,0.64668,0.5087,0.67162,0.4967
20,41,True,0.7121000289916992,0.48410001397132874,0.44384,0.4283,0.53014,0.4875,0.54,0.4888,0.60506,0.5064,0.6436,0.5105,0.66802,0.4912
20,42,True,0.7184200286865234,0.49709999561309814,0.4453,0.4291,0.5294,0.4907,0.54208,0.4892,0.61578,0.5109,0.6576,0.5132,0.69546,0.5008
20,43,True,0.7257599830627441,0.4932999908924103,0.44496,0.4304,0.52832,0.4896,0.54314,0.49,0.61048,0.5099,0.65028,0.5124,0.6859,0.5002
20,44,True,0.7269799709320068,0.4934999942779541,0.44364,0.4274,0.52852,0.4898,0.54014,0.485,0.61292,0.505,0.65096,0.5098,0.68334,0.4952
20,45,True,0.7280799746513367,0.4902999997138977,0.44526,0.4286,0.52972,0.4923,0.54302,0.4883,0.61396,0.5092,0.65504,0.5088,0.6946,0.485
20,46,True,0.7397400140762329,0.4797999858856201,0.44424,0.4303,0.52922,0.4922,0.5409,0.4878,0.61396,0.5063,0.65198,0.5066,0.68376,0.4889
20,47,True,0.7442399859428406,0.48890000581741333,0.44522,0.4262,0.52872,0.4917,0.54222,0.4877,0.61536,0.5096,0.65586,0.5105,0.70202,0.4949
20,48,True,0.7494199872016907,0.4925999939441681,0.44404,0.4266,0.52912,0.49,0.54038,0.4877,0.61506,0.5055,0.65544,0.5153,0.70238,0.4858
20,49,True,0.752240002155304,0.4887999892234802,0.44426,0.4302,0.52852,0.4918,0.54364,0.4896,0.61962,0.5112,0.66052,0.5127,0.7085,0.4913
20,50,True,0.756659984588623,0.4828000068664551,0.44306,0.4267,0.52714,0.4922,0.54228,0.4884,0.61716,0.505,0.65862,0.5122,0.69852,0.4833
20,51,True,0.7623999714851379,0.48410001397132874,0.44498,0.4308,0.5294,0.4922,0.54396,0.4899,0.62202,0.5061,0.66264,0.5093,0.7061,0.4846
20,52,True,0.7634000182151794,0.48330000042915344,0.4438,0.4263,0.52862,0.4914,0.5403,0.4819,0.61632,0.5045,0.65572,0.5079,0.69722,0.4825
20,53,True,0.766700029373169,0.48429998755455017,0.4445,0.4278,0.52802,0.4917,0.5453,0.4896,0.62106,0.5016,0.66706,0.5083,0.71674,0.487
20,54,True,0.7718200087547302,0.48570001125335693,0.44552,0.4298,0.5301,0.4899,0.54444,0.4852,0.6212,0.5045,0.6633,0.5068,0.71608,0.4935
20,55,True,0.7777199745178223,0.48190000653266907,0.44442,0.431,0.5293,0.4932,0.5451,0.4888,0.62282,0.5063,0.66742,0.5099,0.72304,0.4845
20,56,True,0.7734799981117249,0.48669999837875366,0.44514,0.4302,0.529,0.4875,0.54416,0.4886,0.62222,0.5081,0.66626,0.5077,0.72228,0.4879
20,57,True,0.7815399765968323,0.4722999930381775,0.44494,0.4301,0.52806,0.4925,0.54258,0.4875,0.6173,0.5036,0.65584,0.5086,0.7019,0.4853
20,58,True,0.7857999801635742,0.4749000072479248,0.44464,0.4301,0.5287,0.4891,0.54338,0.4861,0.61978,0.5036,0.66586,0.5063,0.72002,0.4826
20,59,True,0.7875000238418579,0.47130000591278076,0.44328,0.4286,0.5301,0.4899,0.54394,0.4867,0.6201,0.503,0.66416,0.5052,0.71762,0.4804
20,60,True,0.7916600108146667,0.483599990606308,0.44364,0.4256,0.52902,0.4895,0.54326,0.4882,0.62252,0.5044,0.6666,0.5104,0.72158,0.4854
20,61,True,0.800059974193573,0.48010000586509705,0.4437,0.4311,0.52856,0.4917,0.5449,0.4894,0.62416,0.5042,0.66782,0.5091,0.7272,0.4857
20,62,True,0.7990999817848206,0.47360000014305115,0.44358,0.4285,0.52896,0.4925,0.54212,0.489,0.62084,0.5053,0.66484,0.5061,0.72384,0.4838
20,63,True,0.8001000285148621,0.4763000011444092,0.44298,0.4276,0.52796,0.4949,0.54156,0.4847,0.61558,0.5044,0.6561,0.5089,0.7099,0.4837
20,64,True,0.8073999881744385,0.47679999470710754,0.44364,0.4277,0.52926,0.4922,0.54178,0.4854,0.61974,0.5038,0.6664,0.5089,0.72334,0.4804
20,65,True,0.8095600008964539,0.4781999886035919,0.4432,0.4305,0.5288,0.4911,0.54258,0.4873,0.62174,0.5005,0.66754,0.5057,0.73234,0.4813
20,66,True,0.8073599934577942,0.48019999265670776,0.44356,0.4285,0.52804,0.4915,0.54394,0.4872,0.6242,0.5073,0.66796,0.5051,0.72858,0.485
20,67,True,0.8151999711990356,0.4733999967575073,0.44432,0.427,0.5288,0.4899,0.5432,0.4876,0.62088,0.4993,0.66252,0.5057,0.7189,0.4792
20,68,True,0.8164600133895874,0.4814000129699707,0.44458,0.4298,0.52728,0.4911,0.54348,0.4875,0.6265,0.5028,0.6715,0.5073,0.74558,0.4814
20,69,True,0.8160399794578552,0.48089998960494995,0.44318,0.4283,0.52848,0.4887,0.54098,0.4864,0.62118,0.5033,0.66582,0.5025,0.73028,0.4862
20,70,True,0.822380006313324,0.4828000068664551,0.44394,0.429,0.52758,0.4906,0.54138,0.4919,0.62048,0.5041,0.66774,0.5069,0.73238,0.4799
20,71,True,0.8173800110816956,0.4708999991416931,0.4445,0.4287,0.52928,0.4931,0.54456,0.4881,0.62392,0.5028,0.66938,0.5058,0.73862,0.4797
20,72,True,0.8333799839019775,0.47519999742507935,0.4419,0.4272,0.52768,0.4926,0.54184,0.4887,0.62058,0.5051,0.66668,0.5066,0.73148,0.4781
20,73,True,0.8295199871063232,0.47620001435279846,0.4427,0.4314,0.5277,0.4917,0.54096,0.4847,0.62112,0.4997,0.66612,0.5004,0.73484,0.4763
20,74,True,0.8241400122642517,0.47440001368522644,0.44474,0.4297,0.52876,0.4918,0.54154,0.485,0.62162,0.5063,0.66524,0.505,0.72906,0.4783
20,75,True,0.824940025806427,0.47609999775886536,0.44528,0.4304,0.5295,0.4915,0.54384,0.4861,0.62438,0.5018,0.67042,0.5091,0.73162,0.4816
20,76,True,0.8307399749755859,0.4726000130176544,0.44354,0.4294,0.52928,0.4925,0.54288,0.486,0.62184,0.498,0.66862,0.5014,0.73966,0.4749
20,77,True,0.8402400016784668,0.46959999203681946,0.44294,0.4292,0.52856,0.4901,0.54408,0.4855,0.6238,0.5007,0.67094,0.5062,0.73992,0.4734
20,78,True,0.8335800170898438,0.47130000591278076,0.44446,0.4305,0.5289,0.4908,0.54348,0.4849,0.62248,0.4988,0.66894,0.5052,0.73378,0.4768
20,79,True,0.8416799902915955,0.4729999899864197,0.44342,0.431,0.52906,0.49,0.54314,0.4876,0.62608,0.5005,0.67554,0.4981,0.75322,0.4755
20,80,True,0.8380799889564514,0.4684999883174896,0.4417,0.4267,0.52846,0.4905,0.53962,0.4838,0.61736,0.503,0.66084,0.503,0.7193,0.4786
20,81,True,0.8404800295829773,0.4666000008583069,0.44438,0.4299,0.5287,0.4923,0.5442,0.4901,0.62122,0.4987,0.66822,0.4984,0.73004,0.4673
20,82,True,0.8449400067329407,0.46779999136924744,0.4433,0.4297,0.5296,0.4903,0.54212,0.4833,0.62264,0.4997,0.67178,0.5045,0.74384,0.4742
20,83,True,0.844539999961853,0.46309998631477356,0.4442,0.4271,0.52874,0.4908,0.54174,0.4846,0.61834,0.4981,0.66454,0.5028,0.7245,0.4686
20,84,True,0.8517400026321411,0.4796999990940094,0.4447,0.4325,0.5289,0.4914,0.54416,0.4887,0.625,0.5029,0.67518,0.5038,0.75456,0.475
20,85,True,0.8537600040435791,0.46389999985694885,0.44418,0.4303,0.53022,0.4899,0.54214,0.4835,0.6247,0.4997,0.6703,0.5,0.736,0.4742
20,86,True,0.847320020198822,0.47510001063346863,0.4429,0.4287,0.5271,0.4902,0.54358,0.4836,0.62476,0.503,0.67534,0.5065,0.75216,0.4787
20,87,True,0.8516600131988525,0.4819999933242798,0.4437,0.4273,0.52932,0.4914,0.54454,0.4845,0.62648,0.5047,0.67402,0.5075,0.75606,0.4794
20,88,True,0.858299970626831,0.47099998593330383,0.44422,0.4285,0.52918,0.4922,0.54302,0.4827,0.6257,0.4989,0.67542,0.5062,0.75112,0.4744
20,89,True,0.8562600016593933,0.4699999988079071,0.44444,0.4317,0.52808,0.4882,0.5431,0.4844,0.62648,0.5007,0.67922,0.5075,0.76304,0.4774
20,90,True,0.8583800196647644,0.4702000021934509,0.44352,0.4271,0.52804,0.4904,0.54168,0.483,0.62294,0.4991,0.67256,0.5056,0.7536,0.4783
20,91,True,0.8590599894523621,0.4681999981403351,0.4449,0.4289,0.52926,0.4911,0.54364,0.4856,0.62682,0.499,0.67738,0.505,0.7634,0.4744
20,92,True,0.8652999997138977,0.46219998598098755,0.44472,0.4306,0.52884,0.4927,0.54464,0.486,0.6242,0.5016,0.67428,0.5045,0.759,0.4765
20,93,True,0.8614799976348877,0.4708000123500824,0.44424,0.4317,0.52772,0.4925,0.54306,0.4874,0.62486,0.5026,0.67462,0.5054,0.76676,0.4748
20,94,True,0.8614799976348877,0.4636000096797943,0.44378,0.4329,0.52962,0.4918,0.54288,0.4861,0.62118,0.5,0.66984,0.5017,0.74728,0.4753
20,95,True,0.8655800223350525,0.4641000032424927,0.44246,0.4282,0.52934,0.4894,0.54494,0.486,0.62464,0.5004,0.67456,0.5013,0.75334,0.4723
20,96,True,0.8630200028419495,0.46209999918937683,0.44504,0.4312,0.52878,0.488,0.5442,0.4861,0.6226,0.5003,0.67364,0.505,0.75784,0.4739
20,97,True,0.8629999756813049,0.4700999855995178,0.44452,0.4306,0.52748,0.4902,0.54458,0.4853,0.6295,0.5009,0.68322,0.5024,0.7782,0.4768
20,98,True,0.8721200227737427,0.47040000557899475,0.44388,0.4316,0.52812,0.4927,0.54476,0.4843,0.62502,0.4985,0.67696,0.5022,0.7607,0.4757
20,99,True,0.8670600056648254,0.47279998660087585,0.44396,0.4322,0.52766,0.4889,0.54188,0.4872,0.62566,0.4992,0.67572,0.5046,0.76364,0.4747
20,100,True,0.8715199828147888,0.4648999869823456,0.44484,0.4295,0.52766,0.4895,0.54082,0.4862,0.61936,0.4958,0.67394,0.5002,0.7535,0.4733
21,0,True,0.1137399971485138,0.11209999769926071,0.39718,0.3884,0.41862,0.4079,0.3857,0.373,0.37216,0.3573,0.39076,0.3744,0.35204,0.3455
21,1,True,0.3068000078201294,0.36059999465942383,0.38364,0.3882,0.44566,0.4375,0.4032,0.4038,0.40828,0.4065,0.42462,0.415,0.39858,0.3984
21,2,True,0.37852001190185547,0.396699994802475,0.40176,0.4059,0.46594,0.4553,0.43302,0.4325,0.4409,0.4324,0.45596,0.4376,0.4331,0.4273
21,3,True,0.41363999247550964,0.4302000105381012,0.41716,0.4142,0.48048,0.4621,0.4533,0.4455,0.46616,0.4556,0.48168,0.4636,0.46342,0.457
21,4,True,0.4372600018978119,0.4172999858856201,0.41868,0.4189,0.48906,0.4635,0.46426,0.4556,0.47936,0.4653,0.49392,0.4744,0.47398,0.4629
21,5,True,0.45372000336647034,0.4424000084400177,0.42276,0.416,0.49284,0.4753,0.47294,0.4575,0.49064,0.4726,0.50424,0.4818,0.48964,0.4761
21,6,True,0.46911999583244324,0.4560999870300293,0.42376,0.4173,0.49878,0.4775,0.48094,0.4673,0.49952,0.48,0.51538,0.4907,0.50102,0.4793
21,7,True,0.48030000925064087,0.4672999978065491,0.42816,0.4193,0.50144,0.4802,0.48612,0.4674,0.51226,0.4869,0.525,0.4934,0.51506,0.4869
21,8,True,0.4894599914550781,0.4821000099182129,0.429,0.4223,0.50374,0.4807,0.4905,0.4712,0.51596,0.4958,0.53122,0.5016,0.52044,0.4885
21,9,True,0.4997200071811676,0.4691999852657318,0.43238,0.4258,0.5093,0.4861,0.49624,0.4753,0.52404,0.4912,0.53912,0.4985,0.5262,0.486
21,10,True,0.5072799921035767,0.4846000075340271,0.43312,0.4248,0.50986,0.4875,0.4964,0.4758,0.53056,0.4971,0.5462,0.5048,0.53374,0.496
21,11,True,0.5177199840545654,0.4952000081539154,0.43512,0.4244,0.51328,0.4898,0.50802,0.4835,0.5387,0.5009,0.556,0.5121,0.5485,0.5037
21,12,True,0.5281400084495544,0.47589999437332153,0.43884,0.4261,0.51572,0.4861,0.5012,0.4785,0.5346,0.4938,0.55148,0.5012,0.53672,0.4907
21,13,True,0.534280002117157,0.48649999499320984,0.43744,0.4283,0.51884,0.4874,0.512,0.4803,0.55,0.504,0.56794,0.5107,0.56012,0.5019
21,14,True,0.5432000160217285,0.5005999803543091,0.43958,0.429,0.51946,0.4909,0.51148,0.4834,0.55416,0.5078,0.5714,0.5151,0.56518,0.5064
21,15,True,0.5511199831962585,0.48669999837875366,0.43672,0.4268,0.51776,0.4887,0.51414,0.4814,0.5531,0.501,0.5721,0.5117,0.56092,0.5036
21,16,True,0.5546000003814697,0.4966000020503998,0.4404,0.428,0.52328,0.4913,0.51924,0.4837,0.56358,0.5063,0.58286,0.5135,0.57542,0.5053
21,17,True,0.560920000076294,0.4977000057697296,0.43862,0.4293,0.52168,0.4876,0.51984,0.4834,0.56538,0.5091,0.58384,0.5135,0.5747,0.5051
21,18,True,0.5667999982833862,0.49779999256134033,0.43694,0.4238,0.5236,0.4899,0.52094,0.4839,0.56596,0.503,0.58798,0.5087,0.58346,0.5036
21,19,True,0.5745199918746948,0.5048999786376953,0.43924,0.4245,0.52716,0.4911,0.5247,0.488,0.57508,0.5115,0.59514,0.52,0.5874,0.5046
21,20,True,0.5839200019836426,0.49309998750686646,0.44188,0.4256,0.52378,0.4888,0.52238,0.4889,0.5699,0.5075,0.59204,0.5164,0.58274,0.5062
21,21,True,0.5888000130653381,0.49970000982284546,0.44058,0.4305,0.52704,0.4892,0.52892,0.4838,0.5793,0.5067,0.60216,0.5123,0.60278,0.5072
21,22,True,0.5970199704170227,0.5016000270843506,0.44034,0.4321,0.52604,0.4893,0.52936,0.4808,0.58554,0.5151,0.61036,0.5156,0.61164,0.5054
21,23,True,0.5998200178146362,0.5084999799728394,0.44034,0.4286,0.52716,0.489,0.53016,0.4856,0.58858,0.5115,0.6127,0.5197,0.62044,0.5118
21,24,True,0.6042199730873108,0.4941999912261963,0.44108,0.4242,0.52652,0.4872,0.52774,0.4853,0.58304,0.5038,0.6067,0.5106,0.61042,0.504
21,25,True,0.6149799823760986,0.4982999861240387,0.4418,0.426,0.52948,0.4888,0.53604,0.4869,0.58876,0.5075,0.61598,0.5151,0.6201,0.5021
21,26,True,0.6190599799156189,0.4912000000476837,0.44154,0.4264,0.52754,0.4857,0.5374,0.4857,0.59268,0.5092,0.62034,0.5134,0.62514,0.5025
21,27,True,0.6271200180053711,0.5031999945640564,0.43914,0.4235,0.5291,0.4878,0.53568,0.4818,0.5938,0.5068,0.62024,0.5105,0.62794,0.5047
21,28,True,0.6324800252914429,0.49709999561309814,0.4425,0.4287,0.52896,0.4879,0.5355,0.4862,0.59258,0.5071,0.6191,0.5092,0.62982,0.5017
21,29,True,0.6394199728965759,0.5030999779701233,0.44304,0.4293,0.52988,0.4891,0.5381,0.486,0.60498,0.5087,0.6332,0.5184,0.6503,0.5075
21,30,True,0.6452800035476685,0.4912000000476837,0.44086,0.4261,0.52868,0.4904,0.53768,0.4888,0.59812,0.5117,0.62678,0.5179,0.6406,0.5012
21,31,True,0.6452999711036682,0.4893999993801117,0.4417,0.427,0.52926,0.489,0.53826,0.4862,0.59932,0.5042,0.62828,0.5078,0.6408,0.5004
21,32,True,0.6549000144004822,0.483599990606308,0.44096,0.4277,0.53,0.4906,0.53344,0.4812,0.59662,0.5031,0.62588,0.5123,0.63692,0.4956
21,33,True,0.6565600037574768,0.489300012588501,0.44208,0.4263,0.53098,0.4891,0.53554,0.4839,0.5963,0.5019,0.62486,0.5104,0.63352,0.494
21,34,True,0.6648200154304504,0.49399998784065247,0.44228,0.4235,0.53122,0.4872,0.53844,0.4837,0.60338,0.5108,0.63314,0.5148,0.65248,0.4985
21,35,True,0.673039972782135,0.4900999963283539,0.4419,0.4297,0.53104,0.4878,0.53768,0.4817,0.60502,0.5035,0.63652,0.5128,0.65634,0.4938
21,36,True,0.6782199740409851,0.4787999987602234,0.44296,0.4261,0.5297,0.4902,0.53614,0.4867,0.60384,0.5056,0.6336,0.5111,0.64984,0.4955
21,37,True,0.6785200238227844,0.4952999949455261,0.43982,0.4266,0.53152,0.4861,0.5406,0.4852,0.60716,0.5061,0.6394,0.5158,0.6584,0.4989
21,38,True,0.6893399953842163,0.4860000014305115,0.44114,0.4248,0.52856,0.489,0.5363,0.4779,0.60256,0.5068,0.63478,0.5125,0.65018,0.4901
21,39,True,0.6910799741744995,0.48669999837875366,0.44188,0.4273,0.53106,0.4855,0.53828,0.4817,0.60852,0.5053,0.6394,0.5108,0.66346,0.4948
21,40,True,0.6947399973869324,0.5005999803543091,0.4413,0.4241,0.53088,0.4873,0.54084,0.4862,0.61396,0.5092,0.6487,0.5125,0.68134,0.4965
21,41,True,0.7020800113677979,0.48429998755455017,0.44156,0.4247,0.5317,0.4866,0.54442,0.4889,0.61416,0.5109,0.6479,0.5145,0.6773,0.4966
21,42,True,0.7088199853897095,0.4885999858379364,0.44058,0.4258,0.53128,0.4912,0.5386,0.4851,0.6134,0.5088,0.6488,0.5123,0.67724,0.4925
21,43,True,0.7114400267601013,0.4839000105857849,0.4422,0.4236,0.53154,0.4862,0.54216,0.4863,0.61314,0.5051,0.64794,0.5145,0.67788,0.4968
21,44,True,0.7187399864196777,0.492000013589859,0.44316,0.4253,0.52974,0.4845,0.53954,0.4854,0.61258,0.51,0.64718,0.5106,0.67778,0.4957
21,45,True,0.7210999727249146,0.48989999294281006,0.44162,0.4235,0.53288,0.4857,0.54328,0.4842,0.619,0.5082,0.65686,0.5085,0.69476,0.4963
21,46,True,0.72816002368927,0.48539999127388,0.4407,0.4259,0.53222,0.4895,0.54232,0.484,0.61828,0.5064,0.65604,0.5132,0.69892,0.4941
21,47,True,0.7308200001716614,0.49160000681877136,0.44156,0.4277,0.53146,0.4889,0.54394,0.4864,0.6166,0.5105,0.65552,0.5145,0.6982,0.4974
21,48,True,0.7336199879646301,0.48559999465942383,0.4421,0.4272,0.53254,0.4879,0.54308,0.4815,0.61418,0.5047,0.6509,0.5092,0.68928,0.4931
21,49,True,0.7414799928665161,0.48649999499320984,0.44098,0.4285,0.53044,0.485,0.5419,0.4851,0.61806,0.5018,0.65976,0.5107,0.7024,0.4916
21,50,True,0.751579999923706,0.47749999165534973,0.44328,0.4233,0.53186,0.4893,0.5391,0.4829,0.614,0.5025,0.6533,0.5071,0.68538,0.4901
21,51,True,0.7455800175666809,0.48890000581741333,0.4422,0.4255,0.53252,0.4879,0.53842,0.4868,0.6152,0.5062,0.65336,0.5142,0.69142,0.493
21,52,True,0.7472000122070312,0.48170000314712524,0.44124,0.4235,0.53072,0.4851,0.54062,0.4829,0.61478,0.4996,0.6533,0.5097,0.69412,0.4877
21,53,True,0.7541800141334534,0.48559999465942383,0.44038,0.4237,0.53162,0.4864,0.54184,0.481,0.61642,0.5044,0.65824,0.5127,0.70196,0.4872
21,54,True,0.7591599822044373,0.4781000018119812,0.44208,0.4264,0.53094,0.4849,0.53874,0.4797,0.6105,0.5043,0.64502,0.505,0.67988,0.4859
21,55,True,0.762719988822937,0.47850000858306885,0.44,0.4262,0.5317,0.4846,0.54026,0.4813,0.61778,0.5042,0.65698,0.5049,0.7027,0.4918
21,56,True,0.7638599872589111,0.48179998993873596,0.44228,0.425,0.53142,0.4867,0.54262,0.4819,0.62262,0.5062,0.6659,0.512,0.72134,0.4848
21,57,True,0.7712200284004211,0.4900999963283539,0.44098,0.4244,0.53052,0.4848,0.53768,0.4812,0.6178,0.5041,0.65552,0.51,0.70548,0.4891
21,58,True,0.7679799795150757,0.482699990272522,0.4411,0.4258,0.53242,0.4831,0.5433,0.4818,0.61966,0.5077,0.66132,0.5114,0.71292,0.4902
21,59,True,0.7740799784660339,0.4781999886035919,0.43938,0.4215,0.53108,0.4858,0.53916,0.4818,0.6168,0.506,0.65806,0.5105,0.70518,0.4895
21,60,True,0.7814800143241882,0.4772999882698059,0.4415,0.4207,0.53098,0.4874,0.54074,0.4795,0.61932,0.5029,0.66052,0.5097,0.71644,0.4829
21,61,True,0.782480001449585,0.4740000069141388,0.44194,0.4252,0.5313,0.4813,0.5398,0.4812,0.61656,0.5038,0.65706,0.5041,0.69928,0.4795
21,62,True,0.7821400165557861,0.48179998993873596,0.44052,0.4247,0.53208,0.4852,0.5438,0.4824,0.62246,0.5037,0.66712,0.5088,0.72592,0.4879
21,63,True,0.786080002784729,0.4864000082015991,0.44088,0.4234,0.53098,0.4873,0.5404,0.4826,0.6161,0.5059,0.6578,0.5087,0.70664,0.4846
21,64,True,0.7918800115585327,0.4828000068664551,0.44102,0.4257,0.53004,0.4849,0.54158,0.4812,0.62132,0.503,0.66364,0.5053,0.72362,0.4819
21,65,True,0.7937600016593933,0.4787999987602234,0.43948,0.4227,0.5307,0.4846,0.5417,0.4779,0.61914,0.5018,0.66066,0.5053,0.71836,0.4847
21,66,True,0.8041399717330933,0.4726000130176544,0.43858,0.4225,0.53228,0.4869,0.54316,0.4773,0.62366,0.5013,0.66612,0.5069,0.72722,0.4744
21,67,True,0.7978000044822693,0.4738999903202057,0.44164,0.4226,0.53182,0.4861,0.54058,0.481,0.61866,0.5016,0.66136,0.5088,0.7175,0.4824
21,68,True,0.8010799884796143,0.48190000653266907,0.44076,0.4254,0.53212,0.487,0.539,0.4828,0.6237,0.5026,0.67318,0.5056,0.73822,0.4856
21,69,True,0.8021600246429443,0.47350001335144043,0.44068,0.4247,0.53262,0.4864,0.54274,0.481,0.6239,0.4988,0.66694,0.5003,0.73396,0.4807
21,70,True,0.8023599982261658,0.47609999775886536,0.4407,0.4238,0.53224,0.4861,0.54234,0.4822,0.62126,0.5017,0.66312,0.5056,0.72524,0.4808
21,71,True,0.8115400075912476,0.4788999855518341,0.44008,0.4238,0.53106,0.4857,0.54002,0.4843,0.6208,0.5009,0.66796,0.5045,0.7302,0.4814
21,72,True,0.8083400130271912,0.4778999984264374,0.44166,0.4233,0.53162,0.4861,0.54188,0.4804,0.62288,0.5003,0.66852,0.5072,0.73646,0.4862
21,73,True,0.8161799907684326,0.4797999858856201,0.43992,0.4221,0.53052,0.4806,0.53888,0.477,0.62262,0.5024,0.66488,0.5046,0.72558,0.4823
21,74,True,0.8137999773025513,0.48080000281333923,0.44012,0.4252,0.5305,0.4862,0.54232,0.4798,0.62626,0.4999,0.66866,0.5039,0.73966,0.4831
21,75,True,0.8208000063896179,0.47589999437332153,0.4412,0.4223,0.53162,0.4839,0.54162,0.4802,0.62644,0.5001,0.67242,0.5059,0.74548,0.4764
21,76,True,0.8174999952316284,0.4794999957084656,0.44024,0.4246,0.53136,0.4821,0.5417,0.4783,0.62544,0.5038,0.67292,0.5071,0.7468,0.4805
21,77,True,0.8245999813079834,0.4722000062465668,0.4419,0.4235,0.53188,0.4828,0.544,0.4828,0.62572,0.5067,0.67038,0.5082,0.74626,0.479
21,78,True,0.8227400183677673,0.4674000144004822,0.43956,0.424,0.52968,0.4839,0.54084,0.4779,0.62162,0.4974,0.66452,0.5025,0.733,0.4704
21,79,True,0.8268200159072876,0.46959999203681946,0.44032,0.4248,0.53128,0.4852,0.5403,0.4824,0.622,0.5017,0.66566,0.5053,0.7269,0.4733
21,80,True,0.8290200233459473,0.47940000891685486,0.44122,0.4252,0.53032,0.4849,0.54222,0.4808,0.6248,0.5008,0.66934,0.507,0.7398,0.4777
21,81,True,0.8302599787712097,0.4747999906539917,0.44082,0.4235,0.53162,0.487,0.54054,0.4835,0.62604,0.5033,0.66968,0.503,0.74536,0.4817
21,82,True,0.8332399725914001,0.4749999940395355,0.44098,0.4222,0.5302,0.4833,0.54198,0.4818,0.6245,0.5016,0.66826,0.5081,0.73936,0.4832
21,83,True,0.8381800055503845,0.4738999903202057,0.44024,0.4241,0.53162,0.4852,0.54106,0.4814,0.62664,0.5014,0.67316,0.5043,0.75176,0.4778
21,84,True,0.8322200179100037,0.4722000062465668,0.43972,0.4225,0.5299,0.4835,0.5425,0.4798,0.62518,0.504,0.67406,0.5078,0.74958,0.4841
21,85,True,0.8374599814414978,0.46700000762939453,0.44046,0.4223,0.5308,0.4873,0.53998,0.4822,0.62234,0.4996,0.66646,0.5024,0.7353,0.4756
21,86,True,0.8342800140380859,0.4722999930381775,0.4416,0.4231,0.53022,0.4823,0.5414,0.4797,0.62014,0.4989,0.66702,0.5059,0.73782,0.4774
21,87,True,0.8414599895477295,0.4724000096321106,0.44072,0.4244,0.53118,0.4865,0.5434,0.4827,0.62872,0.5003,0.67568,0.5085,0.76818,0.4786
21,88,True,0.8457199931144714,0.4771000146865845,0.44114,0.4251,0.53254,0.481,0.53982,0.4798,0.62212,0.503,0.66792,0.506,0.74006,0.4812
21,89,True,0.848039984703064,0.47360000014305115,0.43958,0.4214,0.53002,0.4829,0.54156,0.4837,0.62362,0.5032,0.66816,0.5094,0.74704,0.4797
21,90,True,0.8473399877548218,0.4747999906539917,0.4415,0.422,0.53048,0.4828,0.53928,0.4784,0.61946,0.5025,0.6691,0.5071,0.74018,0.473
21,91,True,0.839959979057312,0.47760000824928284,0.44192,0.422,0.5297,0.4845,0.5424,0.4809,0.62596,0.5064,0.67482,0.5097,0.75544,0.4744
21,92,True,0.8537799715995789,0.46810001134872437,0.44158,0.4231,0.5311,0.4872,0.54334,0.4841,0.62854,0.5071,0.67478,0.5078,0.76142,0.478
21,93,True,0.851140022277832,0.4771000146865845,0.44044,0.421,0.5303,0.4855,0.5423,0.4777,0.62674,0.5018,0.6737,0.5064,0.76308,0.4756
21,94,True,0.8554199934005737,0.46869999170303345,0.44044,0.4222,0.5303,0.4865,0.54028,0.481,0.62154,0.5037,0.66746,0.5029,0.7397,0.4665
21,95,True,0.8563200235366821,0.47369998693466187,0.44064,0.4228,0.53084,0.4838,0.5396,0.4835,0.62328,0.5024,0.67032,0.5059,0.7472,0.4744
21,96,True,0.8511000275611877,0.4708000123500824,0.44098,0.4238,0.52818,0.4852,0.53914,0.4798,0.62152,0.5015,0.6628,0.5052,0.73464,0.4735
21,97,True,0.8612599968910217,0.4715000092983246,0.44052,0.4229,0.53044,0.4853,0.54168,0.4821,0.62446,0.5032,0.67136,0.5082,0.75662,0.4734
21,98,True,0.8520399928092957,0.47040000557899475,0.44002,0.4222,0.52968,0.4843,0.54028,0.4809,0.62126,0.5007,0.66774,0.5,0.74194,0.4697
21,99,True,0.8606200218200684,0.4645000100135803,0.44098,0.4237,0.53076,0.4839,0.54168,0.48,0.62452,0.5007,0.6689,0.5052,0.74546,0.4725
21,100,True,0.8571799993515015,0.47609999775886536,0.441,0.4232,0.53046,0.484,0.53986,0.4808,0.62376,0.5015,0.67144,0.5047,0.75044,0.4738
22,0,True,0.0995199978351593,0.09960000216960907,0.3989,0.3919,0.42422,0.4086,0.38122,0.3679,0.36768,0.3589,0.38682,0.3633,0.35224,0.3419
22,1,True,0.3104400038719177,0.3531000018119812,0.39734,0.3997,0.4473,0.4384,0.40916,0.4106,0.41616,0.4132,0.4327,0.4228,0.40818,0.4057
22,2,True,0.3856000006198883,0.3553999960422516,0.41196,0.4147,0.4699,0.4595,0.43478,0.431,0.44648,0.442,0.46172,0.453,0.43594,0.4308
22,3,True,0.4177199900150299,0.4034999907016754,0.42188,0.4189,0.48388,0.4685,0.45206,0.4497,0.46404,0.4608,0.4795,0.4658,0.46116,0.4518
22,4,True,0.4388200044631958,0.4453999996185303,0.42966,0.4261,0.49192,0.4781,0.46558,0.4543,0.48014,0.4724,0.4948,0.4837,0.47942,0.4704
22,5,True,0.4543200135231018,0.4507000148296356,0.4303,0.4227,0.49498,0.4773,0.47402,0.4671,0.48942,0.4806,0.50516,0.4878,0.4906,0.4761
22,6,True,0.4675000011920929,0.46860000491142273,0.43782,0.4279,0.49948,0.4806,0.48656,0.478,0.50432,0.4877,0.51966,0.4934,0.50742,0.4886
22,7,True,0.4805600047111511,0.45579999685287476,0.43382,0.4255,0.50042,0.4778,0.487,0.4701,0.5071,0.4889,0.52192,0.4962,0.5065,0.4873
22,8,True,0.4909999966621399,0.46700000762939453,0.43426,0.4259,0.50472,0.4881,0.49062,0.4791,0.51772,0.4969,0.533,0.5027,0.5217,0.4936
22,9,True,0.4985400140285492,0.4860999882221222,0.44188,0.4336,0.50604,0.4843,0.50028,0.4861,0.52532,0.5009,0.5398,0.5048,0.52696,0.4949
22,10,True,0.5088599920272827,0.49709999561309814,0.4417,0.4328,0.50952,0.4869,0.50308,0.4816,0.53506,0.5089,0.55052,0.5113,0.54234,0.5079
22,11,True,0.5195800065994263,0.503600001335144,0.44276,0.4343,0.5134,0.4905,0.50852,0.4893,0.54196,0.5089,0.55736,0.5163,0.54986,0.5106
22,12,True,0.5269399881362915,0.4909000098705292,0.44478,0.4335,0.51492,0.4899,0.51274,0.4891,0.5469,0.511,0.5636,0.5146,0.55518,0.5091
22,13,True,0.535319983959198,0.4876999855041504,0.44482,0.4325,0.5168,0.4914,0.51478,0.4887,0.54926,0.5116,0.56478,0.5208,0.5567,0.5071
22,14,True,0.5386599898338318,0.5058000087738037,0.44596,0.4369,0.51734,0.4927,0.51628,0.4869,0.55802,0.5097,0.57674,0.516,0.57274,0.5135
22,15,True,0.5465400218963623,0.5031999945640564,0.4467,0.4355,0.51998,0.4914,0.51932,0.4944,0.56096,0.5151,0.57752,0.5209,0.57518,0.5168
22,16,True,0.555079996585846,0.4993000030517578,0.44556,0.4369,0.52132,0.4926,0.51998,0.4888,0.56228,0.5104,0.57858,0.5141,0.57468,0.5116
22,17,True,0.5636600255966187,0.5012999773025513,0.4468,0.4335,0.51974,0.491,0.52126,0.4889,0.56428,0.5118,0.58272,0.5189,0.57754,0.5107
22,18,True,0.5698999762535095,0.49480000138282776,0.44742,0.4334,0.51952,0.4924,0.52252,0.4915,0.56222,0.5106,0.58274,0.5116,0.58072,0.5055
22,19,True,0.5742200016975403,0.5044000148773193,0.44934,0.4387,0.52376,0.4942,0.53056,0.4927,0.57728,0.5112,0.60016,0.5193,0.60182,0.5118
22,20,True,0.5802599787712097,0.5019999742507935,0.4485,0.4376,0.52264,0.4915,0.531,0.4916,0.57596,0.5133,0.5967,0.5134,0.59424,0.5088
22,21,True,0.5890200138092041,0.5065000057220459,0.45002,0.4389,0.52468,0.4916,0.53162,0.4924,0.58076,0.5087,0.6029,0.5157,0.60844,0.5062
22,22,True,0.5954599976539612,0.5060999989509583,0.44848,0.4381,0.5222,0.4978,0.52838,0.4921,0.57578,0.5108,0.59606,0.5154,0.59414,0.5092
22,23,True,0.6021999716758728,0.511900007724762,0.44814,0.4365,0.52488,0.493,0.53574,0.4958,0.58968,0.5155,0.61056,0.5225,0.6179,0.5144
22,24,True,0.606939971446991,0.5074999928474426,0.45004,0.4389,0.52636,0.4929,0.53444,0.49,0.58434,0.5185,0.60906,0.5208,0.61268,0.5146
22,25,True,0.6160200238227844,0.4964999854564667,0.44846,0.4366,0.5265,0.4929,0.54082,0.4948,0.5928,0.5135,0.6164,0.5156,0.62054,0.5068
22,26,True,0.6215400099754333,0.5023999810218811,0.44948,0.4358,0.52734,0.4955,0.5375,0.4928,0.59154,0.514,0.61434,0.5176,0.62504,0.5074
22,27,True,0.6276599764823914,0.49880000948905945,0.4495,0.4354,0.52762,0.495,0.53616,0.4904,0.59206,0.5139,0.61608,0.5179,0.62416,0.5091
22,28,True,0.6339799761772156,0.5055999755859375,0.4515,0.4363,0.5278,0.4892,0.54068,0.4911,0.6004,0.5171,0.62832,0.5214,0.63798,0.5063
22,29,True,0.6431599855422974,0.5123000144958496,0.4516,0.4362,0.52878,0.4904,0.53778,0.4937,0.5991,0.5121,0.62546,0.5161,0.64096,0.506
22,30,True,0.6466000080108643,0.49309998750686646,0.45006,0.4326,0.52738,0.4929,0.5361,0.4925,0.5911,0.5085,0.61728,0.5145,0.62302,0.4958
22,31,True,0.6525800228118896,0.5069000124931335,0.45088,0.4409,0.5299,0.4934,0.54402,0.4953,0.6035,0.5187,0.63344,0.5249,0.65144,0.5129
22,32,True,0.6625999808311462,0.503600001335144,0.45126,0.4367,0.52722,0.493,0.54386,0.4942,0.60624,0.5169,0.63752,0.5184,0.65436,0.5053
22,33,True,0.6683400273323059,0.498199999332428,0.4505,0.4353,0.52732,0.4937,0.544,0.4943,0.60026,0.5141,0.63596,0.5211,0.65346,0.5036
22,34,True,0.6680799722671509,0.4932999908924103,0.45176,0.4365,0.52868,0.4929,0.54342,0.4948,0.60586,0.5082,0.63586,0.513,0.65124,0.4959
22,35,True,0.6801599860191345,0.49880000948905945,0.45124,0.4392,0.52916,0.489,0.54594,0.4951,0.60888,0.514,0.64002,0.5184,0.66292,0.4994
22,36,True,0.68367999792099,0.4966999888420105,0.45178,0.4363,0.52762,0.4916,0.54238,0.4931,0.60544,0.5109,0.63806,0.5177,0.65576,0.503
22,37,True,0.688319981098175,0.47929999232292175,0.45058,0.4349,0.52892,0.4917,0.5428,0.4887,0.60336,0.5064,0.63554,0.5131,0.6533,0.491
22,38,True,0.6919000148773193,0.5041999816894531,0.45046,0.4407,0.5284,0.4932,0.54442,0.4925,0.6106,0.5074,0.64574,0.5135,0.6707,0.4968
22,39,True,0.7028200030326843,0.48330000042915344,0.45124,0.4381,0.52912,0.4928,0.54338,0.4913,0.60752,0.5118,0.6388,0.5143,0.66018,0.4939
22,40,True,0.7069000005722046,0.4948999881744385,0.4511,0.4382,0.52862,0.4941,0.5436,0.493,0.61174,0.5138,0.64614,0.5218,0.67572,0.501
22,41,True,0.7098000049591064,0.4846000075340271,0.4495,0.4395,0.52966,0.4895,0.54424,0.4928,0.61482,0.5116,0.64922,0.5143,0.6766,0.4905
22,42,True,0.7148200273513794,0.5002999901771545,0.45012,0.436,0.52916,0.4925,0.54142,0.4913,0.61234,0.5103,0.64572,0.5187,0.67092,0.4994
22,43,True,0.7164000272750854,0.4893999993801117,0.45102,0.4409,0.52892,0.4936,0.54516,0.491,0.61328,0.5083,0.64786,0.5159,0.67826,0.4974
22,44,True,0.7220600247383118,0.49160000681877136,0.45168,0.4369,0.52956,0.4936,0.54526,0.4933,0.61614,0.5094,0.65232,0.512,0.6857,0.4969
22,45,True,0.7273399829864502,0.49470001459121704,0.45136,0.4373,0.53024,0.491,0.54836,0.4967,0.61898,0.5129,0.65362,0.5162,0.69342,0.496
22,46,True,0.73580002784729,0.4921000003814697,0.45132,0.4372,0.52734,0.4922,0.54606,0.4943,0.61568,0.5132,0.65396,0.5186,0.68778,0.4937
22,47,True,0.7347000241279602,0.49380001425743103,0.44942,0.436,0.53014,0.491,0.5486,0.4963,0.61492,0.5104,0.65002,0.5157,0.68544,0.4895
22,48,True,0.7433000206947327,0.4997999966144562,0.45028,0.4383,0.5287,0.4877,0.54708,0.4947,0.61862,0.5079,0.65358,0.5157,0.69082,0.4899
22,49,True,0.7452200055122375,0.4977000057697296,0.45036,0.4383,0.5301,0.4974,0.55018,0.4955,0.62182,0.5076,0.65816,0.5147,0.6994,0.495
22,50,True,0.7529600262641907,0.4797999858856201,0.45098,0.4392,0.52948,0.4929,0.54508,0.4927,0.61618,0.5103,0.65298,0.5154,0.69072,0.4848
22,51,True,0.7567200064659119,0.48249998688697815,0.4511,0.4369,0.52898,0.4931,0.54608,0.4915,0.6189,0.5088,0.656,0.5145,0.69772,0.488
22,52,True,0.7555000185966492,0.4943999946117401,0.45144,0.4411,0.53056,0.4932,0.54696,0.4944,0.61966,0.506,0.6586,0.5168,0.69842,0.493
22,53,True,0.759440004825592,0.4878000020980835,0.45176,0.4412,0.53016,0.4952,0.54146,0.4913,0.613,0.5071,0.64824,0.5071,0.68626,0.4849
22,54,True,0.766700029373169,0.49309998750686646,0.4495,0.4361,0.52984,0.4936,0.55018,0.4939,0.62302,0.5068,0.66566,0.5188,0.71796,0.4943
22,55,True,0.7700200080871582,0.4934000074863434,0.45004,0.4372,0.53042,0.4897,0.54836,0.4924,0.62176,0.5067,0.661,0.5128,0.71388,0.4894
22,56,True,0.7706400156021118,0.47510001063346863,0.45052,0.4368,0.53,0.4923,0.54564,0.4943,0.61538,0.5019,0.65636,0.5111,0.6957,0.4843
22,57,True,0.7779800295829773,0.4903999865055084,0.45122,0.4384,0.52996,0.4934,0.54692,0.4913,0.61894,0.5096,0.6598,0.5102,0.70742,0.4891
22,58,True,0.7776600122451782,0.47760000824928284,0.45018,0.4388,0.52876,0.4953,0.54326,0.4897,0.61462,0.503,0.65178,0.511,0.69268,0.4872
22,59,True,0.7843599915504456,0.4880000054836273,0.4508,0.4357,0.52848,0.4943,0.5465,0.4908,0.62212,0.5083,0.66412,0.5139,0.7202,0.4843
22,60,True,0.7880200147628784,0.4823000133037567,0.45282,0.4359,0.52988,0.4918,0.54538,0.4956,0.61968,0.5082,0.65996,0.5131,0.71074,0.4885
22,61,True,0.7919600009918213,0.4869999885559082,0.45102,0.4388,0.53104,0.4948,0.54866,0.4909,0.6256,0.5031,0.66468,0.5119,0.71842,0.486
22,62,True,0.792900025844574,0.47690001130104065,0.45076,0.4386,0.52876,0.4935,0.54534,0.4899,0.61546,0.5062,0.65326,0.5093,0.70062,0.4843
22,63,True,0.7946000099182129,0.4909000098705292,0.45102,0.4335,0.53004,0.4916,0.54952,0.491,0.62506,0.5071,0.66802,0.5095,0.72932,0.4882
22,64,True,0.7935600280761719,0.4717999994754791,0.45184,0.4384,0.52848,0.491,0.54778,0.4922,0.62176,0.509,0.66196,0.5108,0.71986,0.4853
22,65,True,0.803820013999939,0.48019999265670776,0.44958,0.4343,0.52794,0.4919,0.5458,0.4918,0.61968,0.508,0.66204,0.5159,0.71374,0.4883
22,66,True,0.8058599829673767,0.4812999963760376,0.44958,0.4366,0.52974,0.492,0.54816,0.4907,0.62286,0.5089,0.66236,0.513,0.71746,0.4813
22,67,True,0.8088200092315674,0.47920000553131104,0.45268,0.439,0.52922,0.4904,0.5484,0.4877,0.6206,0.5115,0.6601,0.5128,0.71144,0.483
22,68,True,0.8100399971008301,0.48809999227523804,0.4521,0.437,0.52984,0.4923,0.54916,0.4905,0.62404,0.5098,0.66452,0.5106,0.72568,0.4894
22,69,True,0.8127599954605103,0.4869999885559082,0.45134,0.4373,0.52914,0.4899,0.54748,0.4922,0.62416,0.5093,0.66406,0.5144,0.72578,0.4907
22,70,True,0.8114799857139587,0.4756999909877777,0.45038,0.437,0.52966,0.4919,0.54648,0.4923,0.62582,0.5067,0.66716,0.5102,0.7327,0.4829
22,71,True,0.8152400255203247,0.4869000017642975,0.45116,0.4365,0.53118,0.493,0.54794,0.4907,0.62516,0.5073,0.67034,0.5161,0.73566,0.4818
22,72,True,0.814079999923706,0.4758000075817108,0.45012,0.436,0.52906,0.49,0.54738,0.491,0.61946,0.5121,0.65992,0.5171,0.72084,0.4793
22,73,True,0.8292199969291687,0.48249998688697815,0.45122,0.4359,0.52828,0.4902,0.5474,0.4927,0.62608,0.5105,0.66976,0.5118,0.742,0.4853
22,74,True,0.8230999708175659,0.4814999997615814,0.44974,0.4367,0.52908,0.4915,0.54576,0.4902,0.62238,0.5055,0.66382,0.5113,0.73114,0.4823
22,75,True,0.8270599842071533,0.4796999990940094,0.45156,0.4372,0.52914,0.4939,0.54652,0.4906,0.62472,0.5042,0.66564,0.5106,0.72786,0.4764
22,76,True,0.8311799764633179,0.4779999852180481,0.45012,0.435,0.52986,0.4908,0.54612,0.4884,0.62534,0.5047,0.66912,0.5077,0.73302,0.4791
22,77,True,0.8300399780273438,0.4657000005245209,0.45194,0.4372,0.5283,0.4912,0.5479,0.4886,0.62548,0.5043,0.6664,0.5106,0.73086,0.4782
22,78,True,0.8349400162696838,0.4844000041484833,0.44968,0.4358,0.52926,0.4938,0.5478,0.4907,0.62566,0.5066,0.66804,0.5114,0.73892,0.4817
22,79,True,0.8389800190925598,0.478300005197525,0.4516,0.4391,0.52962,0.4912,0.5474,0.4902,0.62456,0.508,0.66842,0.5112,0.73504,0.4836
22,80,True,0.8360000252723694,0.47519999742507935,0.45248,0.4382,0.52958,0.492,0.55026,0.4917,0.62968,0.5074,0.67302,0.5136,0.75506,0.4781
22,81,True,0.83815997838974,0.4742000102996826,0.45286,0.4368,0.53016,0.4909,0.54836,0.4907,0.62586,0.5051,0.6703,0.5121,0.7504,0.477
22,82,True,0.8361200094223022,0.46869999170303345,0.45014,0.4358,0.52806,0.4897,0.54372,0.4921,0.61542,0.5044,0.6551,0.509,0.70612,0.467
22,83,True,0.8389999866485596,0.47110000252723694,0.45284,0.4377,0.52924,0.4925,0.54734,0.4898,0.6238,0.5094,0.66426,0.5087,0.731,0.4709
22,84,True,0.8495799899101257,0.4781999886035919,0.45188,0.4369,0.53044,0.4931,0.54976,0.4903,0.62396,0.5101,0.66896,0.5134,0.73698,0.4861
22,85,True,0.8479599952697754,0.4781000018119812,0.45076,0.4376,0.5305,0.4915,0.54864,0.4894,0.62624,0.5074,0.67046,0.5104,0.74516,0.4807
22,86,True,0.8455600142478943,0.4731999933719635,0.45158,0.4402,0.5283,0.4926,0.5494,0.4919,0.6254,0.5072,0.66816,0.511,0.74316,0.4828
22,87,True,0.8465399742126465,0.4675000011920929,0.4513,0.4375,0.53026,0.4954,0.54848,0.4904,0.62432,0.5066,0.66628,0.5133,0.73284,0.4733
22,88,True,0.8519799709320068,0.47859999537467957,0.45138,0.4375,0.52844,0.492,0.54814,0.4906,0.62918,0.5077,0.67188,0.5065,0.75366,0.477
22,89,True,0.8557199835777283,0.4726000130176544,0.45192,0.4393,0.52926,0.4929,0.54896,0.4902,0.62368,0.5075,0.66774,0.5106,0.73522,0.4773
22,90,True,0.855239987373352,0.4740999937057495,0.45002,0.44,0.53002,0.4931,0.54958,0.4882,0.62858,0.5068,0.67302,0.5105,0.76356,0.4752
22,91,True,0.8525599837303162,0.47999998927116394,0.45154,0.4377,0.52952,0.4897,0.54742,0.4894,0.6258,0.5076,0.67068,0.5083,0.75938,0.4798
22,92,True,0.8579999804496765,0.47110000252723694,0.45102,0.4379,0.52964,0.4916,0.54742,0.487,0.62312,0.504,0.66864,0.5128,0.73884,0.4743
22,93,True,0.8583199977874756,0.4745999872684479,0.45098,0.4387,0.52912,0.4899,0.54884,0.4881,0.62342,0.5084,0.66922,0.5113,0.74292,0.478
22,94,True,0.8621000051498413,0.474700003862381,0.45084,0.4375,0.52994,0.4903,0.54828,0.4875,0.62596,0.5055,0.67334,0.5133,0.75902,0.4761
22,95,True,0.8638200163841248,0.47189998626708984,0.45182,0.4371,0.5289,0.4923,0.54922,0.4917,0.6263,0.508,0.67126,0.5104,0.7586,0.48
22,96,True,0.8616200089454651,0.4787999987602234,0.45156,0.436,0.52876,0.4914,0.54806,0.4897,0.6295,0.5034,0.67684,0.5056,0.7653,0.474
22,97,True,0.8619800209999084,0.48429998755455017,0.45144,0.4378,0.5291,0.4932,0.54974,0.4894,0.63014,0.5097,0.67802,0.5136,0.77196,0.4781
22,98,True,0.8665599822998047,0.474700003862381,0.45034,0.4374,0.52842,0.4905,0.55022,0.4904,0.627,0.5058,0.67146,0.5128,0.75348,0.4717
22,99,True,0.858240008354187,0.47839999198913574,0.44992,0.4352,0.52938,0.4913,0.54944,0.4904,0.62798,0.5032,0.67388,0.5086,0.76432,0.4757
22,100,True,0.8750600218772888,0.4713999927043915,0.44996,0.4362,0.52652,0.4905,0.5459,0.4893,0.62076,0.5045,0.66216,0.5083,0.74548,0.4803
23,0,True,0.09477999806404114,0.09589999914169312,0.3929,0.3884,0.4203,0.4057,0.37914,0.378,0.36796,0.3574,0.38612,0.3674,0.35126,0.3419
23,1,True,0.3088200092315674,0.3675999939441681,0.38402,0.383,0.43874,0.4315,0.40622,0.4076,0.4138,0.4116,0.43008,0.4184,0.4061,0.4019
23,2,True,0.38222000002861023,0.38909998536109924,0.4061,0.4042,0.466,0.4483,0.436,0.4293,0.44522,0.4398,0.4569,0.4507,0.43832,0.4349
23,3,True,0.41402000188827515,0.4368000030517578,0.41962,0.418,0.48092,0.4703,0.45114,0.4481,0.4668,0.4606,0.48096,0.4685,0.4656,0.462
23,4,True,0.43501999974250793,0.4318000078201294,0.42248,0.4149,0.48696,0.4719,0.46134,0.4542,0.47982,0.4678,0.49134,0.4739,0.4776,0.4662
23,5,True,0.4529399871826172,0.45320001244544983,0.4281,0.4243,0.49286,0.4776,0.47162,0.4578,0.49188,0.4747,0.50464,0.4803,0.49008,0.476
23,6,True,0.4637199938297272,0.45730000734329224,0.42928,0.4265,0.49806,0.4819,0.48172,0.4657,0.5007,0.486,0.51532,0.4859,0.49958,0.4821
23,7,True,0.4778999984264374,0.46140000224113464,0.43038,0.4245,0.49954,0.4774,0.48146,0.4645,0.50464,0.4849,0.51888,0.4953,0.50566,0.4873
23,8,True,0.4864799976348877,0.4681999981403351,0.43642,0.4299,0.50388,0.4846,0.4881,0.4734,0.51428,0.4876,0.52932,0.4977,0.51526,0.4898
23,9,True,0.4936400055885315,0.45570001006126404,0.43776,0.4319,0.50514,0.4847,0.49136,0.4722,0.51682,0.4899,0.5346,0.4983,0.51868,0.4887
23,10,True,0.5016599893569946,0.4790000021457672,0.43634,0.4303,0.50602,0.4875,0.4951,0.4706,0.51894,0.4897,0.5361,0.5005,0.5248,0.4909
23,11,True,0.5107799768447876,0.47369998693466187,0.43468,0.4306,0.508,0.4885,0.49772,0.4782,0.53078,0.4947,0.54702,0.5034,0.53446,0.4969
23,12,True,0.5156599879264832,0.4830000102519989,0.43498,0.4291,0.51142,0.4856,0.50284,0.4805,0.53526,0.4988,0.55094,0.5061,0.54076,0.5004
23,13,True,0.5252199769020081,0.4674000144004822,0.43708,0.4306,0.51304,0.4851,0.50208,0.4758,0.53172,0.4932,0.54906,0.5027,0.53992,0.4971
23,14,True,0.5293200016021729,0.49239999055862427,0.44038,0.4344,0.51184,0.4923,0.5052,0.4818,0.54076,0.498,0.55714,0.5089,0.551,0.5068
23,15,True,0.5349599719047546,0.48739999532699585,0.43694,0.4298,0.51196,0.4871,0.50806,0.4767,0.5435,0.5004,0.56492,0.5049,0.55798,0.5003
23,16,True,0.5470799803733826,0.503600001335144,0.43866,0.4306,0.5157,0.4929,0.5136,0.4826,0.55256,0.5047,0.57376,0.5112,0.57102,0.5073
23,17,True,0.5511400103569031,0.498199999332428,0.44138,0.4359,0.5178,0.4897,0.51832,0.4829,0.55402,0.5024,0.57458,0.513,0.57168,0.5069
23,18,True,0.5541599988937378,0.47200000286102295,0.43638,0.4314,0.5144,0.4852,0.5115,0.4765,0.54882,0.4994,0.56818,0.5071,0.56092,0.4999
23,19,True,0.5601800084114075,0.5001000165939331,0.43908,0.4311,0.51872,0.489,0.5183,0.4792,0.55864,0.5045,0.57792,0.5114,0.57784,0.5088
23,20,True,0.5669400095939636,0.4885999858379364,0.4404,0.4322,0.51824,0.4881,0.51968,0.4811,0.56064,0.5028,0.57982,0.5121,0.57816,0.5043
23,21,True,0.5767199993133545,0.5073999762535095,0.44258,0.4317,0.51982,0.49,0.52374,0.4865,0.56786,0.5061,0.58958,0.5119,0.59228,0.5144
23,22,True,0.5790799856185913,0.49399998784065247,0.44256,0.4348,0.51794,0.4879,0.52152,0.4787,0.56462,0.5043,0.58756,0.5148,0.58584,0.5021
23,23,True,0.5856800079345703,0.4950000047683716,0.43846,0.4311,0.52154,0.4903,0.5234,0.4824,0.57206,0.5033,0.594,0.5158,0.6009,0.5063
23,24,True,0.5914599895477295,0.5038999915122986,0.44232,0.4341,0.52042,0.4915,0.52156,0.4803,0.5721,0.5026,0.59578,0.5131,0.60156,0.5035
23,25,True,0.5970799922943115,0.490200012922287,0.44174,0.4378,0.52094,0.4894,0.52334,0.4817,0.5724,0.509,0.59592,0.5162,0.60732,0.5079
23,26,True,0.6024799942970276,0.4997999966144562,0.44126,0.4332,0.52172,0.4882,0.52412,0.4818,0.57484,0.511,0.59812,0.5147,0.60668,0.5082
23,27,True,0.6073200106620789,0.49160000681877136,0.4414,0.433,0.51906,0.4897,0.52408,0.4815,0.57284,0.5073,0.59682,0.5139,0.60966,0.501
23,28,True,0.6136199831962585,0.49239999055862427,0.43908,0.4296,0.52282,0.4899,0.52108,0.4793,0.57182,0.5067,0.59718,0.5106,0.60556,0.5051
23,29,True,0.6196600198745728,0.49050000309944153,0.44124,0.4372,0.52058,0.4914,0.52278,0.4832,0.57304,0.506,0.59822,0.5089,0.60898,0.4987
23,30,True,0.6263399720191956,0.4961000084877014,0.44136,0.4335,0.5212,0.4913,0.52718,0.4841,0.578,0.5053,0.60692,0.5103,0.6225,0.5057
23,31,True,0.6276800036430359,0.4948999881744385,0.4426,0.4358,0.52072,0.4885,0.52764,0.4841,0.5812,0.5018,0.6087,0.5101,0.6281,0.4965
23,32,True,0.6387199759483337,0.4966999888420105,0.44138,0.4331,0.52266,0.4876,0.52656,0.4803,0.5776,0.5055,0.60588,0.5068,0.62718,0.5034
23,33,True,0.639739990234375,0.48590001463890076,0.43976,0.4335,0.52076,0.4929,0.5257,0.4777,0.57828,0.4988,0.6084,0.5064,0.62408,0.4944
23,34,True,0.6491600275039673,0.4887000024318695,0.44058,0.4349,0.5206,0.4903,0.52258,0.4799,0.5774,0.5026,0.607,0.5077,0.62488,0.4983
23,35,True,0.6517599821090698,0.4819999933242798,0.4424,0.4344,0.52208,0.49,0.52586,0.4803,0.58118,0.5006,0.609,0.5039,0.6317,0.4959
23,36,True,0.6571000218391418,0.48919999599456787,0.44046,0.4329,0.5229,0.4888,0.52654,0.4816,0.5807,0.5006,0.61066,0.5054,0.6381,0.4923
23,37,True,0.6608800292015076,0.4796999990940094,0.44112,0.43,0.52068,0.4909,0.5269,0.4801,0.57926,0.4977,0.61102,0.5089,0.63632,0.4928
23,38,True,0.6697199940681458,0.4803999960422516,0.44064,0.4327,0.52034,0.4871,0.52502,0.4807,0.5753,0.5016,0.60764,0.5101,0.62714,0.4907
23,39,True,0.676360011100769,0.4918000102043152,0.44076,0.4341,0.52144,0.4927,0.52844,0.4823,0.58472,0.4993,0.61596,0.5089,0.65128,0.4935
23,40,True,0.6819400191307068,0.48840001225471497,0.4396,0.4338,0.52116,0.493,0.52774,0.4821,0.58396,0.4996,0.61556,0.5058,0.64974,0.495
23,41,True,0.6869999766349792,0.47920000553131104,0.44092,0.4343,0.52238,0.4916,0.52998,0.4797,0.58792,0.5007,0.62378,0.505,0.66604,0.493
23,42,True,0.6891199946403503,0.48019999265670776,0.44066,0.4328,0.52108,0.489,0.52478,0.4791,0.58142,0.4998,0.6131,0.5095,0.64716,0.4904
23,43,True,0.6946399807929993,0.47929999232292175,0.44078,0.4352,0.52154,0.4918,0.53076,0.484,0.58622,0.4997,0.62258,0.5077,0.66466,0.4906
23,44,True,0.6988999843597412,0.4839000105857849,0.43964,0.4341,0.52246,0.4919,0.5271,0.4769,0.58524,0.5005,0.6222,0.5094,0.66502,0.4891
23,45,True,0.701200008392334,0.48249998688697815,0.4408,0.4335,0.5217,0.4867,0.52754,0.476,0.58442,0.5004,0.61898,0.5071,0.66286,0.4897
23,46,True,0.708840012550354,0.47839999198913574,0.44126,0.4354,0.52146,0.4915,0.53044,0.4804,0.58552,0.5014,0.62284,0.5108,0.66304,0.4882
23,47,True,0.7090200185775757,0.48089998960494995,0.44202,0.4346,0.52246,0.4921,0.52788,0.4803,0.58404,0.4964,0.6181,0.5028,0.66078,0.4869
23,48,True,0.7162799835205078,0.4765999913215637,0.43962,0.4343,0.52148,0.49,0.52914,0.477,0.58646,0.4944,0.62396,0.5054,0.67462,0.4789
23,49,True,0.722100019454956,0.474700003862381,0.44014,0.435,0.52104,0.4885,0.5268,0.4839,0.58586,0.4987,0.6224,0.5089,0.66832,0.4815
23,50,True,0.7300199866294861,0.48649999499320984,0.44168,0.4357,0.52096,0.4912,0.5305,0.4815,0.58986,0.5,0.62928,0.5083,0.68994,0.4866
23,51,True,0.730459988117218,0.4844000041484833,0.4406,0.4331,0.52026,0.4899,0.5287,0.4804,0.58506,0.5,0.6233,0.5099,0.6764,0.489
23,52,True,0.7327399849891663,0.47850000858306885,0.4398,0.4331,0.5223,0.4891,0.52834,0.48,0.58844,0.4983,0.62596,0.5076,0.67874,0.4848
23,53,True,0.7383400201797485,0.4778999984264374,0.44126,0.4351,0.52212,0.4905,0.52866,0.4806,0.58744,0.4995,0.62462,0.5084,0.6762,0.4836
23,54,True,0.7415199875831604,0.4708000123500824,0.44314,0.4366,0.52214,0.491,0.52896,0.475,0.58284,0.4953,0.61874,0.5024,0.66886,0.4809
23,55,True,0.7504799962043762,0.4830000102519989,0.44074,0.4321,0.5218,0.4895,0.52866,0.4769,0.59026,0.4971,0.6287,0.5053,0.69588,0.4875
23,56,True,0.7521200180053711,0.47870001196861267,0.4414,0.4354,0.52304,0.4921,0.53002,0.4797,0.58876,0.4978,0.6287,0.508,0.69058,0.487
23,57,True,0.7591800093650818,0.476500004529953,0.44158,0.4352,0.52046,0.4885,0.5268,0.4781,0.58578,0.4959,0.62494,0.5052,0.6876,0.4821
23,58,True,0.7585999965667725,0.4724000096321106,0.44052,0.4328,0.52292,0.489,0.52668,0.4779,0.58314,0.4947,0.6229,0.5045,0.67928,0.4795
23,59,True,0.7572399973869324,0.4758000075817108,0.44088,0.4329,0.52122,0.4904,0.5278,0.4794,0.58672,0.4945,0.62582,0.5067,0.69606,0.4815
23,60,True,0.7649199962615967,0.4675000011920929,0.44002,0.4319,0.52192,0.4889,0.52776,0.4789,0.5834,0.4968,0.62346,0.5045,0.68144,0.4818
23,61,True,0.7688999772071838,0.47099998593330383,0.44218,0.4341,0.52084,0.4903,0.52716,0.4765,0.58428,0.498,0.62218,0.5057,0.67968,0.4754
23,62,True,0.7748399972915649,0.4767000079154968,0.44068,0.4337,0.5216,0.4863,0.53076,0.4766,0.58922,0.4936,0.63288,0.5019,0.70796,0.4794
23,63,True,0.7723399996757507,0.4758000075817108,0.44156,0.4349,0.52096,0.4884,0.53164,0.4784,0.58908,0.4955,0.63038,0.5054,0.70544,0.4816
23,64,True,0.7819399833679199,0.4731999933719635,0.43906,0.4323,0.52124,0.4874,0.52844,0.4756,0.58688,0.4943,0.62906,0.5024,0.70454,0.4777
23,65,True,0.7822200059890747,0.4812999963760376,0.4411,0.4337,0.5223,0.4887,0.52852,0.4769,0.58662,0.4981,0.62842,0.505,0.6997,0.4806
23,66,True,0.7793599963188171,0.4666000008583069,0.44106,0.4349,0.5213,0.4919,0.52988,0.4781,0.58942,0.4947,0.63194,0.5035,0.70844,0.4792
23,67,True,0.7876399755477905,0.46700000762939453,0.43882,0.4293,0.5196,0.4902,0.52662,0.4769,0.58254,0.4953,0.62268,0.4984,0.68748,0.4779
23,68,True,0.7885199785232544,0.4731999933719635,0.44046,0.4345,0.52288,0.4869,0.52838,0.4782,0.58846,0.4965,0.63254,0.5008,0.71352,0.4799
23,69,True,0.7962200045585632,0.4659999907016754,0.44074,0.4357,0.52224,0.4892,0.52942,0.4794,0.58598,0.4992,0.62844,0.5042,0.7043,0.4773
23,70,True,0.796180009841919,0.46970000863075256,0.4397,0.4329,0.52016,0.4874,0.53066,0.4788,0.58936,0.4979,0.63482,0.5013,0.72574,0.4784
23,71,True,0.8013399839401245,0.4731999933719635,0.43986,0.4307,0.5204,0.4908,0.52814,0.4772,0.5894,0.4974,0.63148,0.5037,0.70648,0.4762
23,72,True,0.8007000088691711,0.46790000796318054,0.4405,0.433,0.52084,0.4872,0.52808,0.4784,0.58976,0.4985,0.63384,0.508,0.71604,0.4745
23,73,True,0.8030800223350525,0.46320000290870667,0.44016,0.4329,0.52018,0.4896,0.5278,0.4779,0.58882,0.4942,0.63016,0.5058,0.7016,0.4708
23,74,True,0.8041999936103821,0.47600001096725464,0.44116,0.437,0.52116,0.4886,0.52774,0.4741,0.58758,0.4971,0.62918,0.505,0.7075,0.4715
23,75,True,0.8080999851226807,0.4722999930381775,0.44214,0.4358,0.5208,0.4894,0.5278,0.4791,0.5869,0.4981,0.63036,0.5049,0.7102,0.4755
23,76,True,0.8160799741744995,0.4627000093460083,0.4406,0.4358,0.52116,0.4903,0.52846,0.4756,0.5877,0.5,0.63206,0.5017,0.71366,0.4756
23,77,True,0.8149799704551697,0.4684000015258789,0.44134,0.4352,0.51974,0.4898,0.52848,0.4807,0.58826,0.4923,0.6335,0.5011,0.71936,0.4703
23,78,True,0.8123400211334229,0.4675999879837036,0.44086,0.4341,0.51984,0.4881,0.5291,0.4749,0.5875,0.4954,0.6305,0.503,0.71104,0.47
23,79,True,0.8228999972343445,0.459199994802475,0.43996,0.4342,0.52108,0.4884,0.529,0.4784,0.58922,0.4958,0.63256,0.5005,0.71886,0.4718
23,80,True,0.8177400231361389,0.46950000524520874,0.44144,0.4358,0.52142,0.4881,0.52996,0.4772,0.58984,0.4933,0.63456,0.5008,0.72596,0.4735
23,81,True,0.8246399760246277,0.453900009393692,0.44032,0.4344,0.52062,0.4885,0.52634,0.4746,0.58742,0.4941,0.6298,0.4985,0.714,0.4673
23,82,True,0.8213199973106384,0.4659000039100647,0.4407,0.433,0.52212,0.4876,0.52922,0.4779,0.58704,0.4938,0.63086,0.5058,0.71966,0.4748
23,83,True,0.8258000016212463,0.46399998664855957,0.43994,0.4351,0.52086,0.4866,0.52756,0.4747,0.5875,0.4923,0.63066,0.5022,0.70824,0.469
23,84,True,0.8279799818992615,0.46880000829696655,0.4394,0.4338,0.52192,0.4883,0.5304,0.4791,0.58994,0.5002,0.6374,0.5038,0.72732,0.4771
23,85,True,0.8282999992370605,0.4683000147342682,0.4419,0.4349,0.52064,0.4898,0.52994,0.4726,0.58802,0.4912,0.6346,0.5018,0.72314,0.4706
23,86,True,0.8372200131416321,0.47040000557899475,0.44068,0.4334,0.5205,0.4904,0.53008,0.4782,0.5897,0.4943,0.6377,0.5035,0.73028,0.4728
23,87,True,0.8306400179862976,0.45969998836517334,0.43918,0.4333,0.5211,0.4873,0.52902,0.4779,0.59108,0.4987,0.63628,0.5047,0.73862,0.4706
23,88,True,0.8329799771308899,0.46619999408721924,0.43964,0.4331,0.5214,0.4862,0.52842,0.4793,0.58952,0.4941,0.6346,0.5025,0.73004,0.4714
23,89,True,0.83406001329422,0.46470001339912415,0.441,0.4343,0.52132,0.488,0.5296,0.4764,0.59068,0.4987,0.63498,0.5004,0.73068,0.472
23,90,True,0.8377599716186523,0.46239998936653137,0.4403,0.434,0.52158,0.4879,0.528,0.4795,0.58594,0.4956,0.62708,0.5012,0.70762,0.4706
23,91,True,0.8419399857521057,0.45989999175071716,0.4409,0.4338,0.52088,0.4892,0.52708,0.4763,0.5878,0.4948,0.63298,0.5047,0.72976,0.4659
23,92,True,0.8432999849319458,0.4708999991416931,0.43954,0.4355,0.52104,0.4897,0.52738,0.4733,0.58918,0.4901,0.63612,0.4987,0.74522,0.4665
23,93,True,0.8410800099372864,0.47040000557899475,0.44042,0.4353,0.5207,0.49,0.52918,0.4766,0.58928,0.4948,0.63804,0.5026,0.7404,0.4739
23,94,True,0.8449000120162964,0.4627000093460083,0.43936,0.4329,0.5232,0.4896,0.52874,0.4794,0.58902,0.4934,0.6368,0.5024,0.73494,0.4671
23,95,True,0.8456199765205383,0.4555000066757202,0.441,0.4354,0.52244,0.4899,0.5281,0.4768,0.58752,0.4959,0.635,0.5053,0.73922,0.4682
23,96,True,0.8470199704170227,0.46720001101493835,0.43874,0.4322,0.52168,0.4884,0.52912,0.4788,0.58956,0.4925,0.63456,0.5013,0.7364,0.4715
23,97,True,0.8471599817276001,0.4717999994754791,0.4401,0.4324,0.52152,0.4889,0.52826,0.4767,0.58762,0.4966,0.63456,0.502,0.73532,0.4724
23,98,True,0.8497400283813477,0.46149998903274536,0.4391,0.4319,0.5205,0.4867,0.52784,0.4771,0.58872,0.4974,0.63568,0.5036,0.7334,0.4685
23,99,True,0.8548200130462646,0.4618000090122223,0.4386,0.4316,0.5209,0.4843,0.52712,0.4766,0.58818,0.494,0.63446,0.499,0.74508,0.4689
23,100,True,0.84934002161026,0.47269999980926514,0.43914,0.4326,0.52038,0.4894,0.5284,0.4774,0.59058,0.4951,0.6372,0.503,0.74932,0.4718
24,0,True,0.0724399983882904,0.07109999656677246,0.40064,0.3929,0.4212,0.4018,0.37908,0.3671,0.37016,0.3531,0.3872,0.3709,0.3527,0.345
24,1,True,0.30136001110076904,0.3540000021457672,0.3873,0.3862,0.44188,0.4318,0.4,0.3961,0.40982,0.4058,0.42396,0.4121,0.39782,0.3952
24,2,True,0.3752000033855438,0.36629998683929443,0.40014,0.3968,0.4644,0.4483,0.42506,0.4185,0.43738,0.4334,0.45004,0.4424,0.42914,0.4228
24,3,True,0.4075999855995178,0.4302999973297119,0.40976,0.4083,0.47822,0.4655,0.44996,0.4459,0.46112,0.455,0.47436,0.4597,0.45812,0.4526
24,4,True,0.43428000807762146,0.44290000200271606,0.41814,0.4089,0.48668,0.4703,0.46136,0.4533,0.4773,0.4669,0.49156,0.4731,0.47568,0.4643
24,5,True,0.4487200081348419,0.44279998540878296,0.42232,0.4189,0.48968,0.4714,0.47004,0.4576,0.48786,0.4733,0.50204,0.4803,0.48334,0.4717
24,6,True,0.46592000126838684,0.4553000032901764,0.42754,0.4216,0.49448,0.4787,0.47802,0.4694,0.50022,0.4845,0.51174,0.486,0.49744,0.4787
24,7,True,0.47582000494003296,0.46369999647140503,0.43018,0.4217,0.50092,0.4809,0.48654,0.4723,0.51016,0.4838,0.52324,0.4945,0.51318,0.4925
24,8,True,0.4868600070476532,0.46720001101493835,0.4301,0.4253,0.50072,0.4785,0.48234,0.4653,0.50918,0.4811,0.52344,0.4873,0.50822,0.4798
24,9,True,0.4934999942779541,0.48579999804496765,0.43294,0.4295,0.50628,0.4812,0.49498,0.4757,0.52126,0.4931,0.5355,0.4987,0.52944,0.4969
24,10,True,0.5016599893569946,0.4717999994754791,0.43602,0.4279,0.5055,0.4839,0.4953,0.4791,0.5206,0.4958,0.53714,0.4994,0.52572,0.4967
24,11,True,0.5097000002861023,0.4702000021934509,0.43548,0.4277,0.50824,0.4871,0.4993,0.476,0.52926,0.4968,0.54346,0.5004,0.53312,0.4939
24,12,True,0.5170999765396118,0.4779999852180481,0.43648,0.4275,0.5141,0.486,0.50362,0.4826,0.5368,0.4972,0.55152,0.505,0.5437,0.4949
24,13,True,0.524619996547699,0.48649999499320984,0.43928,0.4315,0.51426,0.4883,0.50816,0.4837,0.54308,0.5036,0.56138,0.5096,0.55254,0.5047
24,14,True,0.5305600166320801,0.48069998621940613,0.44032,0.431,0.51532,0.483,0.51284,0.4868,0.54738,0.505,0.56496,0.5084,0.55726,0.4973
24,15,True,0.5400400161743164,0.4952000081539154,0.44044,0.429,0.51712,0.4885,0.51432,0.4824,0.54934,0.5056,0.56662,0.5083,0.56442,0.5033
24,16,True,0.5491200089454651,0.47760000824928284,0.44178,0.4323,0.51882,0.4825,0.51288,0.4852,0.5497,0.5024,0.57086,0.5078,0.56238,0.4983
24,17,True,0.555079996585846,0.4837999939918518,0.44018,0.4315,0.51542,0.4875,0.5106,0.4827,0.55274,0.5066,0.57186,0.5113,0.5632,0.5002
24,18,True,0.5578399896621704,0.5023000240325928,0.44266,0.434,0.51766,0.4885,0.51802,0.4834,0.56136,0.5072,0.57966,0.5117,0.5758,0.4994
24,19,True,0.563260018825531,0.492000013589859,0.4415,0.4323,0.51846,0.488,0.517,0.4845,0.56032,0.5053,0.5797,0.5051,0.57232,0.4965
24,20,True,0.5710999965667725,0.48399999737739563,0.44304,0.4318,0.52248,0.491,0.5171,0.4863,0.56322,0.5049,0.5831,0.5131,0.58108,0.5021
24,21,True,0.5765600204467773,0.49619999527931213,0.44062,0.43,0.52108,0.4879,0.52142,0.4909,0.56932,0.5111,0.59168,0.5165,0.59172,0.5022
24,22,True,0.5806999802589417,0.5034000277519226,0.44124,0.4307,0.52278,0.4894,0.52354,0.4883,0.57514,0.5058,0.5999,0.511,0.59804,0.4995
24,23,True,0.5892199873924255,0.4964999854564667,0.44338,0.4326,0.52318,0.4878,0.52528,0.4885,0.5734,0.5081,0.59588,0.515,0.59344,0.5046
24,24,True,0.5925999879837036,0.49720001220703125,0.44332,0.4328,0.52392,0.4899,0.52452,0.4852,0.57452,0.5042,0.60046,0.5115,0.60558,0.5042
24,25,True,0.5988799929618835,0.4948999881744385,0.444,0.4319,0.52448,0.4887,0.5226,0.483,0.57628,0.5045,0.60156,0.5111,0.60248,0.4984
24,26,True,0.6076200008392334,0.49779999256134033,0.44168,0.4299,0.5236,0.4898,0.5251,0.4873,0.5781,0.5095,0.60394,0.5143,0.6083,0.5032
24,27,True,0.6127600073814392,0.4925000071525574,0.4427,0.4314,0.52322,0.4904,0.52462,0.4867,0.57638,0.5077,0.60208,0.5126,0.6106,0.5068
24,28,True,0.6183599829673767,0.4921000003814697,0.44312,0.4305,0.52512,0.4903,0.52714,0.4867,0.58578,0.5133,0.6132,0.5121,0.62062,0.4979
24,29,True,0.6235799789428711,0.4968000054359436,0.44554,0.4375,0.52398,0.4891,0.52658,0.4884,0.57784,0.5075,0.60524,0.5096,0.6121,0.5048
24,30,True,0.6266199946403503,0.4986000061035156,0.44504,0.4345,0.52368,0.4917,0.52632,0.4848,0.58038,0.5082,0.60732,0.5153,0.61634,0.5035
24,31,True,0.6308599710464478,0.4984000027179718,0.444,0.4323,0.52458,0.488,0.5307,0.4889,0.58724,0.5087,0.61518,0.5119,0.62678,0.5009
24,32,True,0.6372399926185608,0.4936000108718872,0.44368,0.4328,0.52652,0.491,0.52986,0.4856,0.5874,0.5085,0.61488,0.514,0.63188,0.4995
24,33,True,0.6410599946975708,0.49540001153945923,0.44432,0.4305,0.52524,0.4922,0.53066,0.4903,0.5886,0.5063,0.61832,0.5119,0.6363,0.5028
24,34,True,0.6499199867248535,0.49559998512268066,0.44614,0.4332,0.52604,0.4881,0.53144,0.4906,0.58968,0.5094,0.61964,0.5175,0.63978,0.5007
24,35,True,0.6570600271224976,0.49320000410079956,0.4458,0.4322,0.52572,0.4924,0.53118,0.4901,0.59062,0.5114,0.62142,0.5144,0.63892,0.5036
24,36,True,0.6577000021934509,0.4936999976634979,0.44476,0.4307,0.5266,0.4887,0.53334,0.4892,0.59114,0.5029,0.62466,0.5105,0.65274,0.4992
24,37,True,0.6649600267410278,0.48030000925064087,0.44332,0.4303,0.52448,0.4859,0.52822,0.4888,0.5863,0.5066,0.6157,0.5134,0.63028,0.4974
24,38,True,0.670740008354187,0.4814999997615814,0.44344,0.4296,0.52458,0.4883,0.52814,0.4886,0.5832,0.5023,0.61524,0.5065,0.62894,0.4921
24,39,True,0.6717600226402283,0.48570001125335693,0.44432,0.4326,0.52708,0.487,0.52934,0.4864,0.58884,0.5044,0.62258,0.5094,0.64706,0.4952
24,40,True,0.6784200072288513,0.4846000075340271,0.4466,0.4323,0.52646,0.4924,0.5335,0.4898,0.59676,0.5097,0.6308,0.5071,0.66122,0.4959
24,41,True,0.6835799813270569,0.4853000044822693,0.44622,0.4319,0.5266,0.4888,0.53326,0.4866,0.59462,0.5086,0.62978,0.5107,0.66108,0.4928
24,42,True,0.6875799894332886,0.4844000041484833,0.44614,0.4314,0.52678,0.4927,0.53286,0.4888,0.59524,0.5057,0.63114,0.5094,0.66318,0.496
24,43,True,0.6905999779701233,0.484499990940094,0.44438,0.4298,0.52628,0.4911,0.52908,0.4828,0.59294,0.5039,0.62422,0.5106,0.64978,0.4957
24,44,True,0.6980199813842773,0.48570001125335693,0.44434,0.4283,0.52668,0.4894,0.53638,0.4906,0.59658,0.5082,0.63168,0.5123,0.66292,0.4891
24,45,True,0.7053800225257874,0.48240000009536743,0.44406,0.4297,0.52688,0.4898,0.53072,0.4867,0.59518,0.5042,0.63158,0.51,0.6609,0.4857
24,46,True,0.7085400223731995,0.478300005197525,0.443,0.4286,0.5255,0.4906,0.5274,0.4846,0.58476,0.4985,0.62068,0.5042,0.63744,0.4825
24,47,True,0.7114400267601013,0.48069998621940613,0.4449,0.4302,0.52704,0.493,0.5327,0.4908,0.59902,0.5057,0.63474,0.5128,0.67064,0.4891
24,48,True,0.7129999995231628,0.4855000078678131,0.4448,0.4311,0.5272,0.4913,0.53482,0.4876,0.59858,0.507,0.63588,0.5092,0.67852,0.4932
24,49,True,0.718999981880188,0.47920000553131104,0.44408,0.4342,0.52608,0.49,0.53304,0.49,0.59602,0.5085,0.63484,0.5135,0.67008,0.4902
24,50,True,0.7226399779319763,0.4812000095844269,0.44306,0.4304,0.52648,0.4899,0.53082,0.4888,0.60008,0.5052,0.63602,0.5096,0.67252,0.4893
24,51,True,0.7277600169181824,0.4690999984741211,0.44478,0.4308,0.5256,0.4906,0.5326,0.4905,0.59666,0.5068,0.6339,0.508,0.66748,0.4843
24,52,True,0.7313799858093262,0.4805000126361847,0.44428,0.4295,0.52596,0.4907,0.5342,0.4884,0.59842,0.5048,0.63734,0.5082,0.68278,0.4941
24,53,True,0.7333999872207642,0.4738999903202057,0.44444,0.4311,0.52594,0.4914,0.53406,0.4889,0.59562,0.5057,0.6373,0.5107,0.68066,0.4871
24,54,True,0.734279990196228,0.4810999929904938,0.44488,0.4316,0.52638,0.4894,0.53698,0.4901,0.60278,0.5058,0.6439,0.5086,0.69428,0.4925
24,55,True,0.7420799732208252,0.48240000009536743,0.44482,0.4306,0.52488,0.4896,0.5334,0.4893,0.60162,0.5072,0.64032,0.5108,0.69204,0.4914
24,56,True,0.7472000122070312,0.4844000041484833,0.4449,0.4321,0.52634,0.4885,0.53484,0.4883,0.60024,0.5043,0.6432,0.5096,0.69904,0.4899
24,57,True,0.7463600039482117,0.486299991607666,0.44494,0.432,0.52674,0.4896,0.53568,0.4886,0.60142,0.5098,0.6409,0.5128,0.69402,0.4903
24,58,True,0.7531599998474121,0.4765999913215637,0.44362,0.431,0.52542,0.4902,0.53478,0.4882,0.60148,0.5044,0.64062,0.5097,0.68848,0.4817
24,59,True,0.7595599889755249,0.4690000116825104,0.44474,0.43,0.52622,0.4887,0.5345,0.4898,0.59972,0.5067,0.64002,0.5079,0.69676,0.4772
24,60,True,0.7613400220870972,0.4819999933242798,0.4436,0.4313,0.52608,0.4871,0.53338,0.485,0.59992,0.5041,0.64144,0.511,0.69238,0.489
24,61,True,0.7599200010299683,0.47769999504089355,0.44458,0.4293,0.52728,0.49,0.53292,0.4863,0.59758,0.5066,0.63856,0.5128,0.68828,0.4807
24,62,True,0.7687600255012512,0.47269999980926514,0.4444,0.4336,0.52522,0.4913,0.53334,0.4855,0.59722,0.5061,0.6372,0.5115,0.69226,0.4883
24,63,True,0.7741400003433228,0.4754999876022339,0.44464,0.4315,0.52744,0.4903,0.53556,0.4924,0.60102,0.5018,0.64234,0.5093,0.70506,0.4881
24,64,True,0.7737799882888794,0.47519999742507935,0.444,0.4298,0.52532,0.4898,0.53358,0.4854,0.59802,0.5045,0.63742,0.5099,0.6919,0.4866
24,65,True,0.7775800228118896,0.474700003862381,0.44578,0.4307,0.52652,0.4882,0.5355,0.4868,0.60032,0.5039,0.64052,0.5097,0.7029,0.4839
24,66,True,0.777239978313446,0.46230000257492065,0.44514,0.4334,0.52458,0.4891,0.53484,0.4845,0.60052,0.5065,0.63846,0.5074,0.6967,0.4827
24,67,True,0.7829399704933167,0.4767000079154968,0.44446,0.4306,0.52588,0.4878,0.53512,0.4866,0.60388,0.5046,0.64506,0.5065,0.71178,0.4832
24,68,True,0.789359986782074,0.4812000095844269,0.4446,0.4293,0.52644,0.4892,0.53456,0.4886,0.60412,0.5037,0.64458,0.5111,0.7188,0.4893
24,69,True,0.7914000153541565,0.4788999855518341,0.44402,0.4318,0.52582,0.4911,0.53314,0.4868,0.6014,0.5021,0.64114,0.508,0.70296,0.4784
24,70,True,0.7895200252532959,0.47839999198913574,0.44504,0.4289,0.52618,0.4909,0.53502,0.4884,0.60028,0.507,0.64258,0.5093,0.69786,0.477
24,71,True,0.7940999865531921,0.4634999930858612,0.44428,0.4334,0.52558,0.4903,0.5341,0.4867,0.60052,0.5038,0.64314,0.5059,0.70624,0.4788
24,72,True,0.7923200130462646,0.47269999980926514,0.44496,0.4312,0.52498,0.4892,0.53398,0.4855,0.60504,0.5047,0.64682,0.5078,0.71616,0.4794
24,73,True,0.7993999719619751,0.4733000099658966,0.44392,0.4333,0.52494,0.4917,0.53518,0.4893,0.60114,0.5078,0.64252,0.5084,0.70874,0.4761
24,74,True,0.8029599785804749,0.475600004196167,0.44364,0.4299,0.52528,0.4887,0.5333,0.4909,0.60274,0.5041,0.64514,0.5095,0.71618,0.4793
24,75,True,0.805899977684021,0.46230000257492065,0.44388,0.4319,0.52478,0.4907,0.53256,0.4856,0.59894,0.5056,0.64048,0.5112,0.70518,0.48
24,76,True,0.808459997177124,0.47130000591278076,0.44374,0.4301,0.52634,0.4897,0.53426,0.489,0.60342,0.5058,0.64722,0.5082,0.7231,0.4822
24,77,True,0.807479977607727,0.46389999985694885,0.44492,0.4298,0.526,0.4917,0.53312,0.487,0.59968,0.5062,0.6398,0.5083,0.70042,0.4811
24,78,True,0.8103399872779846,0.4713999927043915,0.44386,0.4325,0.52516,0.4885,0.53382,0.4907,0.59756,0.5042,0.63912,0.5031,0.69976,0.4791
24,79,True,0.8110799789428711,0.4708000123500824,0.4445,0.4323,0.52582,0.4907,0.53594,0.4879,0.60256,0.5041,0.6506,0.5104,0.73192,0.4804
24,80,True,0.8173800110816956,0.4717999994754791,0.44458,0.4298,0.52568,0.489,0.53366,0.4899,0.59926,0.505,0.63836,0.5109,0.70756,0.4816
24,81,True,0.8160600066184998,0.4700999855995178,0.44388,0.4316,0.52548,0.486,0.53442,0.4888,0.60202,0.5053,0.64578,0.506,0.72676,0.4781
24,82,True,0.8206200003623962,0.4571000039577484,0.44304,0.4305,0.5261,0.4905,0.5348,0.4868,0.60234,0.5074,0.6453,0.5088,0.71458,0.4705
24,83,True,0.8208199739456177,0.47279998660087585,0.44388,0.4324,0.52554,0.489,0.53558,0.4876,0.60126,0.5038,0.64592,0.51,0.72126,0.4783
24,84,True,0.8273199796676636,0.46560001373291016,0.4445,0.4312,0.52588,0.4913,0.53234,0.4872,0.60132,0.5041,0.6449,0.5093,0.71416,0.4761
24,85,True,0.8247600197792053,0.4717999994754791,0.4438,0.4323,0.5259,0.4907,0.53432,0.4888,0.60364,0.5034,0.64466,0.5094,0.72094,0.4801
24,86,True,0.8303599953651428,0.4706000089645386,0.44328,0.4294,0.52592,0.4892,0.53576,0.4921,0.60202,0.5066,0.64838,0.5071,0.72768,0.483
24,87,True,0.8284800052642822,0.47029998898506165,0.44442,0.4305,0.52628,0.4895,0.5346,0.4884,0.603,0.5067,0.6473,0.5098,0.73106,0.4826
24,88,True,0.8296599984169006,0.46219998598098755,0.44406,0.4309,0.5255,0.4878,0.53528,0.4869,0.60116,0.508,0.64496,0.5042,0.723,0.4702
24,89,True,0.8292800188064575,0.46070000529289246,0.44352,0.4295,0.52566,0.4874,0.53402,0.486,0.59866,0.5046,0.64322,0.5067,0.71728,0.4736
24,90,True,0.8348000049591064,0.46540001034736633,0.44366,0.431,0.52574,0.491,0.53396,0.4874,0.605,0.5081,0.65262,0.5096,0.73216,0.4763
24,91,True,0.8319200277328491,0.4690999984741211,0.44392,0.4312,0.52502,0.4911,0.53414,0.4891,0.5992,0.5016,0.64318,0.5048,0.7235,0.4751
24,92,True,0.8334800004959106,0.4715999960899353,0.4435,0.4316,0.52512,0.4886,0.53386,0.4845,0.60188,0.5034,0.64604,0.5052,0.7309,0.4754
24,93,True,0.8449199795722961,0.4505999982357025,0.4436,0.4327,0.52478,0.4896,0.53406,0.4881,0.59976,0.5042,0.64244,0.5054,0.71556,0.4674
24,94,True,0.847100019454956,0.460099995136261,0.44392,0.4294,0.52518,0.4872,0.5344,0.4875,0.60504,0.5019,0.65114,0.5033,0.72788,0.4762
24,95,True,0.8406800031661987,0.45669999718666077,0.4435,0.4298,0.52604,0.4915,0.53234,0.4866,0.60122,0.5067,0.64222,0.5102,0.71494,0.4707
24,96,True,0.8460800051689148,0.46630001068115234,0.4451,0.4301,0.52552,0.4893,0.53414,0.4905,0.60246,0.5047,0.64552,0.5076,0.73096,0.472
24,97,True,0.8427600264549255,0.46549999713897705,0.44466,0.431,0.52606,0.4912,0.53396,0.4864,0.6026,0.5059,0.64844,0.5047,0.73706,0.474
24,98,True,0.8517000079154968,0.47620001435279846,0.44396,0.4307,0.52518,0.4888,0.53526,0.4897,0.60204,0.5025,0.65416,0.5094,0.7514,0.4768
24,99,True,0.8450400233268738,0.4659999907016754,0.4432,0.4299,0.52596,0.4885,0.53252,0.4877,0.60268,0.5065,0.64704,0.5075,0.72954,0.4739
24,100,True,0.8500000238418579,0.4675999879837036,0.4433,0.4307,0.52536,0.4873,0.5341,0.49,0.60416,0.506,0.65108,0.5066,0.7431,0.4769
0,0,False,0.11348000168800354,0.1111999973654747,0.39764,0.3841,0.42034,0.3989,0.37736,0.3613,0.37274,0.3599,0.38764,0.3676,0.35434,0.3406
0,1,False,0.288100004196167,0.34139999747276306,0.36968,0.3634,0.41952,0.4118,0.38944,0.3898,0.39146,0.3883,0.4009,0.3931,0.3845,0.3835
0,2,False,0.3657200038433075,0.35749998688697815,0.3791,0.3815,0.4379,0.4293,0.41018,0.409,0.41576,0.414,0.42714,0.4256,0.40998,0.4121
0,3,False,0.3961000144481659,0.40049999952316284,0.39016,0.3913,0.45722,0.4454,0.43632,0.4322,0.44322,0.437,0.45214,0.4459,0.44064,0.4396
0,4,False,0.41565999388694763,0.43799999356269836,0.39768,0.394,0.47082,0.4592,0.45194,0.4499,0.46294,0.4542,0.47056,0.4647,0.46076,0.4624
0,5,False,0.43327999114990234,0.4546000063419342,0.40186,0.399,0.48134,0.4693,0.46372,0.4553,0.47406,0.4606,0.48796,0.4722,0.47758,0.4691
0,6,False,0.4462200105190277,0.45809999108314514,0.40788,0.4058,0.48764,0.4698,0.47102,0.4581,0.48646,0.4663,0.49746,0.4737,0.49034,0.4733
0,7,False,0.45829999446868896,0.46889999508857727,0.41138,0.4074,0.49234,0.473,0.47976,0.4607,0.49614,0.4734,0.50626,0.4782,0.50068,0.4753
0,8,False,0.469539999961853,0.45989999175071716,0.41046,0.4067,0.495,0.4762,0.48094,0.464,0.49832,0.479,0.51162,0.4871,0.5042,0.4869
0,9,False,0.4771000146865845,0.46880000829696655,0.41222,0.4068,0.50008,0.4824,0.48952,0.4719,0.50644,0.481,0.52326,0.4865,0.51542,0.4853
0,10,False,0.48750001192092896,0.4740000069141388,0.41304,0.4101,0.50002,0.4756,0.4933,0.4702,0.51416,0.4809,0.52624,0.4845,0.5215,0.4868
0,11,False,0.4939799904823303,0.44609999656677246,0.41252,0.4089,0.50262,0.4789,0.48964,0.4725,0.5066,0.4798,0.52212,0.4897,0.51606,0.4827
0,12,False,0.5017399787902832,0.4634000062942505,0.4159,0.41,0.50452,0.4827,0.50046,0.4763,0.52084,0.4867,0.53354,0.4936,0.52706,0.4907
0,13,False,0.5135200023651123,0.47530001401901245,0.41512,0.4075,0.5053,0.4831,0.50248,0.4758,0.5255,0.4827,0.54096,0.4946,0.53822,0.4884
0,14,False,0.5151600241661072,0.4821000099182129,0.41458,0.4056,0.50768,0.482,0.5076,0.4808,0.53246,0.486,0.55096,0.4936,0.54606,0.4916
0,15,False,0.5222399830818176,0.474700003862381,0.41686,0.4085,0.51068,0.487,0.51314,0.477,0.53506,0.4883,0.55428,0.4951,0.54828,0.4937
0,16,False,0.525439977645874,0.4846999943256378,0.41536,0.4083,0.51272,0.4827,0.5114,0.4768,0.53914,0.4842,0.5573,0.4949,0.551,0.4911
0,17,False,0.532039999961853,0.4790000021457672,0.41584,0.4048,0.51134,0.4823,0.5134,0.4747,0.54052,0.49,0.56152,0.4935,0.55764,0.4913
0,18,False,0.5422999858856201,0.48500001430511475,0.418,0.407,0.51258,0.4833,0.51954,0.4819,0.5489,0.4882,0.57126,0.4969,0.56704,0.4948
0,19,False,0.5484399795532227,0.48829999566078186,0.41652,0.4064,0.51672,0.4863,0.52436,0.4788,0.55674,0.4861,0.58262,0.4958,0.58022,0.494
0,20,False,0.5534399747848511,0.48890000581741333,0.416,0.4069,0.51272,0.4852,0.51832,0.4803,0.55466,0.4857,0.58322,0.496,0.58164,0.493
0,21,False,0.5622000098228455,0.4828999936580658,0.41748,0.4057,0.51534,0.4866,0.52806,0.4785,0.56112,0.4883,0.58932,0.4933,0.58622,0.4885
0,22,False,0.5662199854850769,0.48019999265670776,0.41892,0.4054,0.51526,0.4837,0.52692,0.4811,0.56314,0.489,0.59346,0.4968,0.59198,0.4961
0,23,False,0.5742599964141846,0.4772000014781952,0.41702,0.4082,0.5158,0.4859,0.525,0.4767,0.55948,0.4853,0.58982,0.4947,0.58754,0.487
0,24,False,0.5798400044441223,0.4821000099182129,0.41668,0.4064,0.51468,0.489,0.52792,0.4783,0.5676,0.4865,0.60176,0.4925,0.60276,0.4897
0,25,False,0.5830600261688232,0.48170000314712524,0.4173,0.4069,0.51556,0.4849,0.53056,0.4781,0.57232,0.484,0.6077,0.4909,0.60622,0.4901
0,26,False,0.5921800136566162,0.48179998993873596,0.41804,0.4056,0.51646,0.4869,0.5327,0.4804,0.57484,0.4874,0.61668,0.4923,0.61894,0.4902
0,27,False,0.601859986782074,0.4810999929904938,0.41696,0.4052,0.51538,0.4864,0.5299,0.4754,0.57352,0.4803,0.61586,0.4919,0.62172,0.4879
0,28,False,0.605139970779419,0.4767000079154968,0.41776,0.4033,0.51374,0.4881,0.53088,0.4795,0.57498,0.4823,0.6126,0.488,0.61672,0.4833
0,29,False,0.6116399765014648,0.48170000314712524,0.41542,0.4058,0.51614,0.4886,0.53294,0.4787,0.58188,0.4874,0.6272,0.4897,0.63174,0.4874
0,30,False,0.6220200061798096,0.4722999930381775,0.41512,0.4048,0.51284,0.4851,0.52848,0.4717,0.57434,0.4792,0.62164,0.4837,0.6224,0.4795
0,31,False,0.6293200254440308,0.4706999957561493,0.41712,0.4069,0.51458,0.487,0.53376,0.4748,0.57816,0.4863,0.61896,0.4866,0.62614,0.4816
0,32,False,0.6317999958992004,0.4683000147342682,0.4151,0.4056,0.51574,0.4849,0.53148,0.4709,0.57784,0.4804,0.62524,0.4849,0.62814,0.4792
0,33,False,0.6383000016212463,0.4706000089645386,0.41514,0.4027,0.5147,0.4861,0.5334,0.4778,0.58496,0.4836,0.6323,0.4835,0.64272,0.4837
0,34,False,0.6462600231170654,0.45899999141693115,0.41522,0.404,0.51624,0.4817,0.53336,0.4715,0.5854,0.4808,0.63684,0.4788,0.64628,0.473
0,35,False,0.650879979133606,0.4717999994754791,0.41544,0.4027,0.51736,0.4875,0.53656,0.47,0.59388,0.4869,0.64556,0.4826,0.65528,0.4778
0,36,False,0.6583600044250488,0.4602999985218048,0.41576,0.4081,0.51562,0.4885,0.53208,0.47,0.5854,0.4789,0.63622,0.4824,0.64584,0.471
0,37,False,0.6646000146865845,0.46889999508857727,0.41528,0.4045,0.51498,0.4855,0.5332,0.4733,0.58802,0.4854,0.64486,0.4828,0.65636,0.483
0,38,False,0.6645600199699402,0.4706000089645386,0.41514,0.4058,0.5148,0.4874,0.54048,0.4771,0.5976,0.4813,0.6624,0.482,0.678,0.475
0,39,False,0.6770600080490112,0.45980000495910645,0.41628,0.4043,0.51428,0.4847,0.53458,0.4714,0.59114,0.4787,0.6499,0.4829,0.66438,0.4731
0,40,False,0.675819993019104,0.45719999074935913,0.41508,0.4072,0.5148,0.4844,0.53208,0.475,0.58524,0.4785,0.64076,0.4808,0.64996,0.4694
0,41,False,0.6857799887657166,0.460099995136261,0.41524,0.407,0.51566,0.4848,0.53554,0.4757,0.58718,0.4852,0.645,0.4812,0.65192,0.4738
0,42,False,0.6914799809455872,0.4659999907016754,0.41564,0.4054,0.51318,0.4832,0.53756,0.4741,0.59684,0.483,0.66474,0.4819,0.68438,0.4729
0,43,False,0.6989200115203857,0.46380001306533813,0.41666,0.4063,0.5159,0.4831,0.5377,0.4779,0.59354,0.482,0.65886,0.4813,0.67712,0.4717
0,44,False,0.7023199796676636,0.4643999934196472,0.41586,0.4041,0.51466,0.4857,0.53838,0.4727,0.59948,0.4789,0.67114,0.4811,0.68834,0.4724
0,45,False,0.7023400068283081,0.46709999442100525,0.41608,0.4056,0.51546,0.4871,0.53742,0.4761,0.60404,0.4804,0.68034,0.4776,0.70268,0.4727
0,46,False,0.7178999781608582,0.4580000042915344,0.41586,0.4052,0.51448,0.4834,0.54004,0.4746,0.59824,0.4837,0.66872,0.4789,0.69178,0.4686
0,47,False,0.7133600115776062,0.46230000257492065,0.41416,0.4043,0.51492,0.4826,0.5354,0.4741,0.59488,0.4776,0.66918,0.4763,0.69096,0.4697
0,48,False,0.7218400239944458,0.462799996137619,0.41444,0.4061,0.51418,0.4842,0.53824,0.4757,0.59858,0.4839,0.6741,0.4832,0.69548,0.475
0,49,False,0.726859986782074,0.45879998803138733,0.41456,0.4061,0.51554,0.4835,0.5353,0.4715,0.59496,0.4823,0.67242,0.4789,0.69394,0.4657
0,50,False,0.7318599820137024,0.4616999924182892,0.41468,0.4048,0.51198,0.4836,0.53068,0.4663,0.59264,0.4825,0.66536,0.4725,0.68384,0.463
0,51,False,0.7338600158691406,0.4593000113964081,0.41648,0.4064,0.51336,0.4818,0.5381,0.4739,0.6039,0.4827,0.67898,0.4728,0.70822,0.4694
0,52,False,0.7382199764251709,0.4650000035762787,0.41576,0.4073,0.513,0.4824,0.53582,0.472,0.59256,0.4793,0.66812,0.477,0.6918,0.4669
0,53,False,0.743399977684021,0.45329999923706055,0.41526,0.4039,0.51428,0.4854,0.5336,0.4732,0.59528,0.4799,0.66786,0.4717,0.6873,0.466
0,54,False,0.7431600093841553,0.4632999897003174,0.41552,0.4071,0.5125,0.4832,0.53338,0.4707,0.59606,0.4784,0.67418,0.4795,0.69844,0.4737
0,55,False,0.7480599880218506,0.4625000059604645,0.41488,0.4068,0.5131,0.4838,0.5356,0.469,0.60584,0.4831,0.6918,0.4814,0.72778,0.4681
0,56,False,0.754580020904541,0.46000000834465027,0.41368,0.4044,0.51436,0.4824,0.53526,0.4698,0.60218,0.4825,0.68318,0.4736,0.71514,0.4654
0,57,False,0.7628600001335144,0.4537999927997589,0.41568,0.408,0.51402,0.4866,0.53836,0.4725,0.60464,0.4821,0.68984,0.4811,0.72504,0.4635
0,58,False,0.7584999799728394,0.4571000039577484,0.41524,0.4065,0.5118,0.482,0.53644,0.4689,0.60306,0.4766,0.6875,0.4819,0.72248,0.4641
0,59,False,0.7627000212669373,0.4578000009059906,0.41478,0.4069,0.51174,0.4851,0.53764,0.4769,0.60252,0.4778,0.69128,0.4733,0.72706,0.4622
0,60,False,0.7704799771308899,0.4429999887943268,0.41578,0.4054,0.51254,0.4863,0.53674,0.4762,0.59814,0.4826,0.67868,0.4739,0.70784,0.4601
0,61,False,0.7650399804115295,0.45890000462532043,0.41496,0.4055,0.51302,0.4862,0.53362,0.4709,0.60082,0.4746,0.68346,0.4686,0.71238,0.4597
0,62,False,0.774399995803833,0.44190001487731934,0.41546,0.4043,0.5144,0.4823,0.53482,0.471,0.5991,0.4766,0.67668,0.4664,0.70484,0.451
0,63,False,0.7769799828529358,0.4584999978542328,0.41538,0.4039,0.51226,0.4824,0.53912,0.4733,0.60758,0.4795,0.7057,0.4785,0.75232,0.4659
0,64,False,0.7857400178909302,0.4424999952316284,0.41426,0.405,0.51258,0.4838,0.53918,0.4691,0.6048,0.4772,0.6959,0.4731,0.73702,0.4561
0,65,False,0.7857000231742859,0.44920000433921814,0.4158,0.4055,0.51456,0.4807,0.53896,0.4694,0.60736,0.4752,0.69378,0.4757,0.739,0.4587
0,66,False,0.7864199876785278,0.45089998841285706,0.41472,0.4043,0.51318,0.4834,0.53554,0.472,0.59768,0.4755,0.67992,0.4729,0.71246,0.4604
0,67,False,0.7876999974250793,0.4496000111103058,0.4143,0.4047,0.51298,0.4811,0.5396,0.4744,0.6076,0.4798,0.70124,0.4766,0.74808,0.4585
0,68,False,0.7920600175857544,0.4519999921321869,0.4142,0.4058,0.51432,0.4839,0.54016,0.4713,0.60984,0.4789,0.7033,0.4752,0.75104,0.4598
0,69,False,0.796019971370697,0.4571000039577484,0.41428,0.406,0.51346,0.484,0.53734,0.472,0.60454,0.4749,0.69288,0.4709,0.72754,0.4619
0,70,False,0.7925199866294861,0.4499000012874603,0.41406,0.4043,0.51346,0.4804,0.53552,0.4695,0.60124,0.4741,0.69162,0.4744,0.72912,0.457
0,71,False,0.8027799725532532,0.448199987411499,0.41418,0.4065,0.5133,0.4843,0.54154,0.47,0.60972,0.4787,0.70936,0.4729,0.76246,0.4556
0,72,False,0.8038399815559387,0.45100000500679016,0.41446,0.405,0.51366,0.4821,0.53838,0.4707,0.6117,0.4803,0.70924,0.476,0.76258,0.4617
0,73,False,0.8073199987411499,0.4507000148296356,0.41456,0.4038,0.51356,0.4826,0.53562,0.4735,0.60438,0.4806,0.69864,0.472,0.74626,0.4532
0,74,False,0.800599992275238,0.4499000012874603,0.41358,0.404,0.51134,0.481,0.53458,0.4718,0.6034,0.4736,0.69788,0.4716,0.74402,0.459
0,75,False,0.8152400255203247,0.45590001344680786,0.41564,0.4071,0.51394,0.4826,0.53638,0.4687,0.60932,0.4767,0.71012,0.474,0.76236,0.4564
0,76,False,0.8032799959182739,0.44179999828338623,0.4146,0.4055,0.5144,0.4841,0.53618,0.4704,0.61086,0.4807,0.70754,0.4742,0.75706,0.4586
0,77,False,0.8121600151062012,0.444599986076355,0.41466,0.4041,0.51344,0.4847,0.53326,0.4671,0.6024,0.4754,0.69282,0.4717,0.73572,0.4562
0,78,False,0.8132399916648865,0.4440000057220459,0.4138,0.4031,0.51346,0.4819,0.53466,0.47,0.60318,0.4771,0.7005,0.4729,0.74466,0.4564
0,79,False,0.8123199939727783,0.44850000739097595,0.41332,0.4047,0.513,0.4824,0.53566,0.4716,0.60788,0.4716,0.70448,0.4731,0.75846,0.4572
0,80,False,0.8195400238037109,0.44769999384880066,0.41452,0.4041,0.51368,0.4796,0.53624,0.4698,0.60318,0.479,0.6939,0.4682,0.73594,0.4572
0,81,False,0.8206200003623962,0.43959999084472656,0.41416,0.4037,0.51242,0.4816,0.53864,0.4691,0.60884,0.4771,0.70474,0.4731,0.75918,0.4515
0,82,False,0.8206999897956848,0.4449999928474426,0.4146,0.4047,0.51306,0.4824,0.53558,0.473,0.59748,0.4776,0.68608,0.4718,0.72646,0.4549
0,83,False,0.8261600136756897,0.44620001316070557,0.41474,0.4057,0.51244,0.4813,0.53614,0.4671,0.60604,0.4813,0.70352,0.4737,0.75764,0.4582
0,84,False,0.8255400061607361,0.44350001215934753,0.41324,0.4031,0.51274,0.4818,0.53762,0.4706,0.60388,0.4785,0.7038,0.473,0.75758,0.4554
0,85,False,0.8259199857711792,0.4498000144958496,0.4153,0.4059,0.513,0.4825,0.5401,0.4702,0.61608,0.4781,0.72638,0.4735,0.78996,0.4518
0,86,False,0.8294600248336792,0.43880000710487366,0.41414,0.4032,0.51236,0.484,0.53682,0.4702,0.60284,0.4755,0.70018,0.4712,0.75324,0.4531
0,87,False,0.8257200121879578,0.44920000433921814,0.4142,0.4051,0.51314,0.482,0.53572,0.4715,0.60148,0.477,0.69818,0.4742,0.74982,0.4552
0,88,False,0.8317400217056274,0.43810001015663147,0.41348,0.404,0.51232,0.4821,0.53486,0.4677,0.60432,0.4757,0.69882,0.4683,0.7534,0.4455
0,89,False,0.8378599882125854,0.43849998712539673,0.4153,0.4039,0.5124,0.4805,0.53842,0.4701,0.61404,0.4781,0.72524,0.4704,0.7909,0.4492
0,90,False,0.8365600109100342,0.4397999942302704,0.41476,0.4054,0.51248,0.4807,0.53902,0.4721,0.61008,0.4782,0.70908,0.4702,0.76564,0.4454
0,91,False,0.8393399715423584,0.4575999975204468,0.4146,0.4042,0.51196,0.4818,0.53726,0.472,0.60636,0.4767,0.71498,0.4758,0.78004,0.4595
0,92,False,0.8374199867248535,0.4521999955177307,0.41476,0.4034,0.51466,0.4794,0.5365,0.4715,0.6046,0.4769,0.70488,0.4723,0.76644,0.4516
0,93,False,0.8434600234031677,0.4431000053882599,0.41566,0.4049,0.51244,0.4787,0.538,0.4724,0.61174,0.4744,0.71756,0.4724,0.7869,0.4506
0,94,False,0.8400599956512451,0.4424000084400177,0.41444,0.4044,0.51132,0.4807,0.53898,0.4703,0.61136,0.4798,0.71498,0.4729,0.7791,0.4511
0,95,False,0.8463199734687805,0.451200008392334,0.41586,0.4063,0.51244,0.4796,0.53888,0.4703,0.6053,0.4782,0.71194,0.4741,0.77936,0.4505
0,96,False,0.8417199850082397,0.44429999589920044,0.4142,0.4034,0.51284,0.4794,0.5347,0.4687,0.60158,0.4789,0.69662,0.4689,0.75188,0.4519
0,97,False,0.8431599736213684,0.444599986076355,0.4143,0.4042,0.51272,0.478,0.5394,0.4699,0.6077,0.4735,0.71552,0.4697,0.78242,0.4489
0,98,False,0.8462200164794922,0.4478999972343445,0.41328,0.4022,0.5124,0.4792,0.53728,0.4673,0.61018,0.4762,0.7191,0.4692,0.78442,0.4473
0,99,False,0.8483399748802185,0.44929999113082886,0.41426,0.4049,0.51224,0.4792,0.53886,0.4682,0.6137,0.4767,0.7259,0.477,0.80188,0.4554
0,100,False,0.8504999876022339,0.44440001249313354,0.41514,0.4057,0.5119,0.4809,0.53896,0.4714,0.6123,0.4737,0.73018,0.4708,0.80604,0.4507
1,0,False,0.10546000301837921,0.10450000315904617,0.40046,0.3898,0.42512,0.4075,0.38166,0.368,0.37328,0.357,0.38888,0.3675,0.35198,0.343
1,1,False,0.29872000217437744,0.3440999984741211,0.3718,0.3708,0.42666,0.4163,0.39876,0.3985,0.40198,0.4012,0.41064,0.4038,0.39238,0.3917
1,2,False,0.3700999915599823,0.39430001378059387,0.38708,0.3855,0.44922,0.4406,0.42562,0.4193,0.43062,0.425,0.43824,0.4284,0.42446,0.4203
1,3,False,0.3990199863910675,0.4072999954223633,0.39254,0.384,0.46148,0.4513,0.44704,0.4375,0.45248,0.4446,0.4589,0.4524,0.44802,0.4426
1,4,False,0.4214800000190735,0.4390000104904175,0.40528,0.4009,0.47308,0.4626,0.45824,0.448,0.46466,0.4545,0.47194,0.4609,0.46258,0.4522
1,5,False,0.43880000710487366,0.43959999084472656,0.41284,0.4096,0.48288,0.4693,0.47402,0.4618,0.48164,0.4702,0.49088,0.4758,0.482,0.4727
1,6,False,0.45085999369621277,0.4496000111103058,0.41548,0.4095,0.48854,0.4711,0.48522,0.4688,0.49182,0.4702,0.49842,0.4793,0.48976,0.4749
1,7,False,0.46480000019073486,0.4578999876976013,0.41472,0.4097,0.49186,0.4756,0.48512,0.4672,0.49592,0.4774,0.5058,0.4845,0.49678,0.4762
1,8,False,0.47426000237464905,0.445499986410141,0.41348,0.4077,0.49452,0.4756,0.4927,0.469,0.5008,0.473,0.5117,0.4789,0.50206,0.4732
1,9,False,0.48532000184059143,0.48399999737739563,0.4178,0.4126,0.50112,0.4814,0.50234,0.4778,0.52036,0.49,0.5294,0.499,0.523,0.4919
1,10,False,0.4947200119495392,0.4837999939918518,0.42014,0.4145,0.50348,0.4831,0.51014,0.4848,0.5267,0.4912,0.53648,0.4933,0.5305,0.4901
1,11,False,0.5015400052070618,0.47920000553131104,0.41958,0.4116,0.50706,0.4859,0.51208,0.4833,0.52828,0.493,0.5371,0.4962,0.53074,0.4928
1,12,False,0.5103999972343445,0.48510000109672546,0.42128,0.4151,0.51142,0.4838,0.5203,0.4876,0.54268,0.4938,0.5534,0.4947,0.54834,0.4951
1,13,False,0.5190799832344055,0.48899999260902405,0.42132,0.4135,0.51068,0.4889,0.52426,0.4839,0.54442,0.5009,0.55678,0.5021,0.55106,0.5012
1,14,False,0.5272799730300903,0.4909999966621399,0.42184,0.4161,0.51254,0.4868,0.52976,0.4847,0.55466,0.5011,0.56682,0.5039,0.56202,0.5037
1,15,False,0.5359399914741516,0.4864000082015991,0.4219,0.414,0.51684,0.4896,0.53244,0.4891,0.5584,0.4997,0.57454,0.5012,0.57028,0.4997
1,16,False,0.5438600182533264,0.4936000108718872,0.4226,0.4156,0.51716,0.488,0.53606,0.4909,0.56364,0.4978,0.58046,0.4997,0.57676,0.4992
1,17,False,0.5507400035858154,0.4903999865055084,0.42286,0.4129,0.5173,0.4866,0.54098,0.4845,0.57052,0.4983,0.58876,0.4974,0.5868,0.5007
1,18,False,0.5586599707603455,0.48489999771118164,0.42096,0.4136,0.51776,0.4857,0.53766,0.4845,0.56964,0.4944,0.5907,0.5029,0.58654,0.4962
1,19,False,0.5654600262641907,0.4814999997615814,0.4226,0.4157,0.51892,0.4877,0.54094,0.4874,0.57688,0.4975,0.59952,0.4976,0.59684,0.4965
1,20,False,0.5761200189590454,0.49000000953674316,0.42356,0.4159,0.52106,0.4901,0.5459,0.4858,0.58084,0.4976,0.6034,0.4975,0.59962,0.4963
1,21,False,0.5819000005722046,0.4851999878883362,0.42242,0.4125,0.51828,0.4921,0.54264,0.4863,0.57884,0.489,0.60482,0.4939,0.60132,0.4889
1,22,False,0.5905799865722656,0.48240000009536743,0.422,0.4127,0.5203,0.4891,0.54842,0.4849,0.59224,0.4928,0.6171,0.4936,0.61722,0.4941
1,23,False,0.5979800224304199,0.48500001430511475,0.4243,0.4164,0.52158,0.485,0.54914,0.4861,0.5956,0.4894,0.62578,0.4947,0.62416,0.4864
1,24,False,0.6044999957084656,0.4828000068664551,0.42302,0.4151,0.5208,0.4856,0.55306,0.4886,0.60388,0.4974,0.63728,0.4979,0.63772,0.4908
1,25,False,0.6179400086402893,0.48919999599456787,0.42312,0.4169,0.52008,0.4867,0.55296,0.4914,0.6046,0.4912,0.639,0.4968,0.6409,0.4926
1,26,False,0.6242600083351135,0.48410001397132874,0.42268,0.4141,0.52064,0.4887,0.55564,0.4906,0.6074,0.492,0.6412,0.4915,0.6463,0.4872
1,27,False,0.629800021648407,0.4772999882698059,0.4231,0.4137,0.52134,0.4861,0.5536,0.4811,0.60544,0.4888,0.64148,0.495,0.64726,0.4851
1,28,False,0.6423799991607666,0.48170000314712524,0.4225,0.413,0.5229,0.4878,0.5597,0.4895,0.61832,0.4881,0.6643,0.4885,0.67104,0.4868
1,29,False,0.649619996547699,0.474700003862381,0.42188,0.4162,0.52146,0.4903,0.555,0.4849,0.61148,0.4943,0.65442,0.4884,0.66034,0.4849
1,30,False,0.6571400165557861,0.4805999994277954,0.42314,0.4171,0.52168,0.4858,0.55998,0.4857,0.6153,0.4903,0.66576,0.4897,0.67174,0.4861
1,31,False,0.6644399762153625,0.4781000018119812,0.4238,0.4148,0.52024,0.4853,0.55548,0.4801,0.61414,0.4861,0.66128,0.4884,0.67036,0.4842
1,32,False,0.6721600294113159,0.47929999232292175,0.42322,0.4147,0.52076,0.4875,0.55762,0.4889,0.6204,0.4854,0.67356,0.4855,0.68174,0.481
1,33,False,0.6761599779129028,0.47620001435279846,0.42208,0.4134,0.5211,0.4887,0.55754,0.4897,0.6199,0.4894,0.66806,0.4903,0.67616,0.4824
1,34,False,0.6838399767875671,0.4706999957561493,0.42162,0.4136,0.52038,0.489,0.56046,0.4842,0.62652,0.4864,0.6827,0.4834,0.69144,0.4802
1,35,False,0.6922000050544739,0.46549999713897705,0.4213,0.4153,0.5188,0.4877,0.55844,0.4811,0.62286,0.483,0.67932,0.4803,0.69202,0.4733
1,36,False,0.6947199702262878,0.47040000557899475,0.42222,0.4156,0.52122,0.4864,0.56298,0.4844,0.62764,0.4873,0.6899,0.4798,0.70294,0.4744
1,37,False,0.7038999795913696,0.4652999937534332,0.422,0.4143,0.52036,0.4887,0.5588,0.4845,0.62838,0.4794,0.68984,0.4775,0.7051,0.4715
1,38,False,0.710860013961792,0.4733000099658966,0.42178,0.4172,0.52218,0.4881,0.566,0.486,0.6415,0.4885,0.71142,0.4818,0.72996,0.4715
1,39,False,0.7182999849319458,0.46369999647140503,0.42198,0.4158,0.52054,0.4853,0.55798,0.481,0.62432,0.4852,0.68924,0.4837,0.69756,0.4704
1,40,False,0.7233200073242188,0.4650999903678894,0.42168,0.417,0.52236,0.4879,0.56446,0.4837,0.64264,0.4847,0.71098,0.4798,0.72744,0.4707
1,41,False,0.7268800139427185,0.46860000491142273,0.42282,0.4149,0.52142,0.4878,0.5647,0.485,0.64118,0.4876,0.71408,0.4818,0.72956,0.4716
1,42,False,0.7341799736022949,0.46950000524520874,0.42256,0.4139,0.52126,0.4817,0.55892,0.4802,0.63134,0.4838,0.69336,0.4855,0.70924,0.4722
1,43,False,0.7359799742698669,0.4668999910354614,0.42132,0.4173,0.52174,0.486,0.56044,0.4803,0.64208,0.486,0.721,0.4733,0.74328,0.465
1,44,False,0.7463200092315674,0.45809999108314514,0.42038,0.4147,0.51894,0.4872,0.5623,0.4817,0.63484,0.4805,0.70682,0.4727,0.72084,0.4642
1,45,False,0.7513399720191956,0.4648999869823456,0.4214,0.4159,0.52072,0.484,0.55956,0.4792,0.6365,0.4858,0.71422,0.4794,0.73176,0.4679
1,46,False,0.751800000667572,0.46880000829696655,0.4209,0.4151,0.5217,0.4881,0.56604,0.4842,0.64922,0.4897,0.73512,0.4809,0.75716,0.473
1,47,False,0.7647200226783752,0.4544000029563904,0.42256,0.4163,0.52198,0.4858,0.56138,0.4788,0.63826,0.483,0.70836,0.4749,0.72596,0.4666
1,48,False,0.764959990978241,0.4717999994754791,0.42102,0.4152,0.52188,0.4887,0.56822,0.4839,0.65286,0.4858,0.74112,0.4812,0.76526,0.4703
1,49,False,0.7678400278091431,0.45910000801086426,0.42102,0.4152,0.52084,0.4881,0.56218,0.4797,0.63952,0.4805,0.72132,0.4719,0.74226,0.4619
1,50,False,0.7710000276565552,0.47040000557899475,0.42058,0.4124,0.52042,0.489,0.56574,0.4841,0.64344,0.4878,0.7285,0.4824,0.75302,0.4737
1,51,False,0.7805799841880798,0.4498000144958496,0.4232,0.4155,0.52168,0.4833,0.56384,0.4763,0.63874,0.4785,0.7184,0.4785,0.7394,0.4605
1,52,False,0.7814000248908997,0.45899999141693115,0.4214,0.4128,0.52082,0.4854,0.56258,0.4828,0.64192,0.4777,0.72978,0.4767,0.75258,0.4616
1,53,False,0.788919985294342,0.45899999141693115,0.42204,0.4146,0.52082,0.4853,0.5635,0.4787,0.64426,0.4816,0.7356,0.474,0.7625,0.4612
1,54,False,0.789359986782074,0.4519999921321869,0.42284,0.4161,0.52006,0.4836,0.55924,0.4802,0.62566,0.4836,0.69868,0.4718,0.71718,0.4596
1,55,False,0.7953600287437439,0.4648999869823456,0.42314,0.4172,0.52114,0.4844,0.56822,0.4817,0.65244,0.4796,0.7533,0.4769,0.78948,0.4627
1,56,False,0.794700026512146,0.44999998807907104,0.4205,0.4153,0.51928,0.4862,0.56114,0.4753,0.63684,0.4796,0.72174,0.4687,0.7496,0.456
1,57,False,0.7996799945831299,0.4546999931335449,0.42024,0.4145,0.51856,0.4856,0.56184,0.4789,0.64056,0.4873,0.73086,0.4806,0.75736,0.4639
1,58,False,0.8096399903297424,0.45339998602867126,0.42216,0.4155,0.52038,0.486,0.56772,0.4801,0.65534,0.4851,0.75278,0.4777,0.78648,0.4572
1,59,False,0.8113999962806702,0.4564000070095062,0.41996,0.4161,0.52082,0.4818,0.5642,0.4767,0.64812,0.4769,0.7474,0.476,0.77672,0.4571
1,60,False,0.8080800175666809,0.4580000042915344,0.4216,0.4166,0.52068,0.4875,0.56918,0.4823,0.65758,0.4823,0.76318,0.4722,0.80036,0.4597
1,61,False,0.8118199706077576,0.4569000005722046,0.42052,0.4147,0.51996,0.4843,0.56562,0.4806,0.6517,0.483,0.75482,0.4729,0.78962,0.4641
1,62,False,0.8172199726104736,0.4555000066757202,0.42098,0.4147,0.51992,0.4837,0.56754,0.4814,0.65182,0.4809,0.75732,0.4699,0.79544,0.4619
1,63,False,0.8208400011062622,0.4544000029563904,0.4208,0.418,0.51972,0.4827,0.56486,0.4813,0.6541,0.4834,0.7589,0.4731,0.79328,0.4538
1,64,False,0.826479971408844,0.4607999920845032,0.41916,0.4138,0.5216,0.4895,0.56764,0.482,0.6526,0.4789,0.75712,0.4731,0.79216,0.4634
1,65,False,0.8204200267791748,0.4535999894142151,0.4224,0.417,0.52042,0.4875,0.56526,0.48,0.64818,0.4782,0.75482,0.4731,0.79072,0.4571
1,66,False,0.8282999992370605,0.4578999876976013,0.42172,0.4165,0.51996,0.4871,0.56496,0.4806,0.64882,0.4827,0.75736,0.4704,0.79098,0.4604
1,67,False,0.8281400203704834,0.45829999446868896,0.42228,0.4169,0.5215,0.4817,0.56906,0.4783,0.6546,0.4837,0.76296,0.4752,0.80396,0.4618
1,68,False,0.8338000178337097,0.45159998536109924,0.4221,0.4175,0.51912,0.4841,0.56554,0.4781,0.65402,0.4828,0.76302,0.4731,0.8002,0.4521
1,69,False,0.833079993724823,0.4528000056743622,0.4193,0.4139,0.51952,0.4849,0.56672,0.4744,0.65358,0.4778,0.76416,0.4702,0.80574,0.4558
1,70,False,0.8373799920082092,0.4560999870300293,0.42094,0.4138,0.51944,0.484,0.56542,0.4755,0.65408,0.4793,0.76208,0.4714,0.80254,0.4534
1,71,False,0.8396599888801575,0.4645000100135803,0.42132,0.4149,0.52086,0.4882,0.56918,0.4762,0.66192,0.4814,0.77464,0.4728,0.81528,0.4587
1,72,False,0.8395400047302246,0.4507000148296356,0.42054,0.4147,0.51838,0.4839,0.56586,0.4801,0.65378,0.4784,0.76178,0.4672,0.80536,0.453
1,73,False,0.840499997138977,0.4512999951839447,0.42126,0.4156,0.519,0.4849,0.56796,0.4836,0.65542,0.4793,0.76658,0.472,0.80542,0.4526
1,74,False,0.8468599915504456,0.4456999897956848,0.42056,0.4164,0.51812,0.4835,0.56504,0.4782,0.64884,0.48,0.75798,0.4716,0.79992,0.4527
1,75,False,0.8424800038337708,0.4503999948501587,0.421,0.4144,0.52062,0.4851,0.56754,0.4764,0.65652,0.4754,0.76642,0.4657,0.80424,0.4535
1,76,False,0.8530600070953369,0.45329999923706055,0.4218,0.4155,0.52036,0.4845,0.56978,0.4785,0.66522,0.4812,0.7864,0.4687,0.8335,0.4523
1,77,False,0.84961998462677,0.4530999958515167,0.4193,0.4151,0.52026,0.4844,0.56696,0.4753,0.65962,0.4801,0.7719,0.4676,0.81712,0.4505
1,78,False,0.8587599992752075,0.4341999888420105,0.41904,0.4154,0.51724,0.4852,0.56426,0.4761,0.6457,0.4724,0.7529,0.4615,0.78234,0.4422
1,79,False,0.8517000079154968,0.4481000006198883,0.42174,0.4169,0.52072,0.4853,0.56744,0.4783,0.65286,0.4813,0.76718,0.4649,0.81134,0.4538
1,80,False,0.8519399762153625,0.45080000162124634,0.41988,0.4144,0.5196,0.4837,0.56558,0.4816,0.65712,0.4773,0.77438,0.4672,0.81598,0.4512
1,81,False,0.8590599894523621,0.45089998841285706,0.4205,0.4148,0.5208,0.4846,0.56846,0.4753,0.6561,0.4818,0.7693,0.4712,0.81816,0.4527
1,82,False,0.8609200119972229,0.4537999927997589,0.42052,0.4168,0.51932,0.4843,0.56844,0.4793,0.65864,0.481,0.77674,0.4719,0.82326,0.4568
1,83,False,0.8648999929428101,0.4471000134944916,0.41984,0.4151,0.51936,0.4857,0.56446,0.4785,0.6472,0.4771,0.75518,0.4676,0.7927,0.4495
1,84,False,0.8620399832725525,0.4474000036716461,0.42124,0.4157,0.51992,0.4865,0.56822,0.4802,0.65402,0.4809,0.77196,0.4673,0.81968,0.448
1,85,False,0.8551599979400635,0.4551999866962433,0.41938,0.415,0.51974,0.4826,0.56998,0.4831,0.6641,0.4781,0.78734,0.4709,0.84258,0.4523
1,86,False,0.870419979095459,0.4535999894142151,0.41942,0.4141,0.51708,0.4857,0.5653,0.479,0.65528,0.4792,0.76844,0.4693,0.81948,0.4493
1,87,False,0.8667799830436707,0.45010000467300415,0.42114,0.4178,0.51988,0.4872,0.5706,0.4801,0.66854,0.4791,0.79872,0.4702,0.85204,0.4489
1,88,False,0.8677200078964233,0.4474000036716461,0.4198,0.4157,0.5202,0.4829,0.56822,0.481,0.6641,0.4769,0.79062,0.4674,0.83992,0.4521
1,89,False,0.8659800291061401,0.4404999911785126,0.42084,0.4163,0.5187,0.486,0.57,0.4762,0.65834,0.4826,0.7805,0.465,0.83146,0.4457
1,90,False,0.8700199723243713,0.44850000739097595,0.42104,0.414,0.51894,0.487,0.56452,0.4751,0.65496,0.4791,0.77468,0.4709,0.8259,0.4496
1,91,False,0.8715000152587891,0.44369998574256897,0.42006,0.4157,0.51802,0.484,0.5677,0.4735,0.6595,0.4753,0.7853,0.4666,0.8336,0.4462
1,92,False,0.8748199939727783,0.4462999999523163,0.42118,0.4169,0.52024,0.4844,0.56838,0.4805,0.66402,0.4783,0.78848,0.4637,0.83562,0.4456
1,93,False,0.8762400150299072,0.4528999924659729,0.41996,0.4161,0.51826,0.4846,0.5679,0.478,0.66266,0.4779,0.7889,0.4702,0.83762,0.4534
1,94,False,0.8741400241851807,0.44620001316070557,0.4196,0.4157,0.5184,0.4844,0.56542,0.4745,0.65222,0.4762,0.77088,0.4679,0.81974,0.4516
1,95,False,0.8722800016403198,0.4474000036716461,0.42074,0.4135,0.51892,0.486,0.56702,0.4765,0.65422,0.4783,0.76444,0.4689,0.81276,0.4475
1,96,False,0.8781599998474121,0.4449999928474426,0.41918,0.413,0.51768,0.4871,0.56678,0.4757,0.65882,0.4769,0.7835,0.4658,0.83518,0.4418
1,97,False,0.8780800104141235,0.44850000739097595,0.41964,0.4158,0.5192,0.4818,0.56526,0.4785,0.65368,0.4739,0.77144,0.4647,0.82018,0.4488
1,98,False,0.8777199983596802,0.44940000772476196,0.4204,0.4164,0.51862,0.4858,0.57054,0.477,0.66732,0.4785,0.805,0.4682,0.86204,0.448
1,99,False,0.8873000144958496,0.44620001316070557,0.42028,0.4152,0.51818,0.4869,0.56814,0.4752,0.66992,0.4782,0.80572,0.4644,0.86078,0.4436
1,100,False,0.8715800046920776,0.4408999979496002,0.41906,0.4158,0.51778,0.4846,0.56678,0.4746,0.66112,0.4745,0.79486,0.4655,0.8486,0.4434
2,0,False,0.10062000155448914,0.10029999911785126,0.39696,0.3896,0.42128,0.404,0.38142,0.3733,0.37082,0.3593,0.3925,0.367,0.35214,0.3395
2,1,False,0.2912999987602234,0.34279999136924744,0.37246,0.3739,0.42704,0.4191,0.39848,0.3988,0.40306,0.3996,0.41024,0.4036,0.38984,0.3896
2,2,False,0.3675000071525574,0.39329999685287476,0.39114,0.396,0.45018,0.4455,0.43038,0.4307,0.43432,0.4282,0.43998,0.436,0.42902,0.4244
2,3,False,0.40522000193595886,0.4097999930381775,0.40296,0.4027,0.46982,0.4597,0.45444,0.4471,0.45784,0.4533,0.4626,0.4562,0.45236,0.4448
2,4,False,0.4283599853515625,0.42080000042915344,0.413,0.4112,0.48022,0.4666,0.46498,0.4544,0.47024,0.4573,0.47876,0.4629,0.4674,0.4545
2,5,False,0.4453999996185303,0.4260999858379364,0.41862,0.4194,0.48798,0.4747,0.47856,0.4659,0.48636,0.4706,0.49376,0.4727,0.48362,0.47
2,6,False,0.46358001232147217,0.4611000120639801,0.41998,0.4167,0.49398,0.4744,0.4881,0.472,0.49832,0.4774,0.50736,0.4827,0.49624,0.478
2,7,False,0.47481998801231384,0.4602999985218048,0.4268,0.4219,0.50028,0.4827,0.49496,0.4699,0.50644,0.4731,0.5138,0.4771,0.50402,0.4768
2,8,False,0.4857400059700012,0.4830000102519989,0.42734,0.4195,0.50728,0.4802,0.51272,0.4858,0.52204,0.4879,0.53174,0.493,0.52564,0.4901
2,9,False,0.4974200129508972,0.4724000096321106,0.43184,0.4229,0.51198,0.487,0.51708,0.4869,0.53292,0.4928,0.54058,0.4969,0.53752,0.4956
2,10,False,0.5002999901771545,0.48969998955726624,0.43,0.4235,0.5172,0.4944,0.52188,0.4862,0.54004,0.4968,0.55128,0.5025,0.5469,0.5009
2,11,False,0.5128800272941589,0.47290000319480896,0.43192,0.4185,0.51586,0.4883,0.52132,0.4844,0.53802,0.4906,0.55082,0.4937,0.54336,0.492
2,12,False,0.5210199952125549,0.4893999993801117,0.42928,0.4196,0.51788,0.4881,0.52332,0.4847,0.53974,0.4909,0.55328,0.4964,0.5438,0.4949
2,13,False,0.5318199992179871,0.4887999892234802,0.43248,0.4191,0.52018,0.4915,0.52966,0.4845,0.54852,0.4885,0.5623,0.4994,0.55598,0.4979
2,14,False,0.5416200160980225,0.489300012588501,0.43318,0.421,0.52362,0.4922,0.53718,0.4883,0.55888,0.4944,0.57566,0.4977,0.57012,0.4966
2,15,False,0.5516800284385681,0.4869000017642975,0.43334,0.4203,0.52048,0.4853,0.5319,0.4822,0.55952,0.494,0.57472,0.4991,0.56794,0.4967
2,16,False,0.5597599744796753,0.4767000079154968,0.4355,0.4205,0.53038,0.4935,0.55146,0.4924,0.5764,0.4954,0.59416,0.4983,0.58954,0.4947
2,17,False,0.5636399984359741,0.4950999915599823,0.4364,0.4216,0.52922,0.4934,0.55474,0.4976,0.5827,0.5034,0.60334,0.5072,0.5987,0.505
2,18,False,0.5725799798965454,0.49070000648498535,0.43536,0.421,0.531,0.4924,0.55172,0.4928,0.58168,0.5001,0.59876,0.4995,0.59358,0.4996
2,19,False,0.5818799734115601,0.4869999885559082,0.43404,0.418,0.52876,0.4903,0.55076,0.4897,0.5788,0.4953,0.6024,0.4994,0.59772,0.4957
2,20,False,0.5889400243759155,0.49779999256134033,0.43564,0.4207,0.53174,0.492,0.56248,0.4933,0.59794,0.4951,0.62784,0.5014,0.62192,0.5033
2,21,False,0.5993599891662598,0.48240000009536743,0.43636,0.4217,0.53182,0.4948,0.5595,0.4937,0.59704,0.4954,0.62414,0.4971,0.6223,0.4979
2,22,False,0.6077600121498108,0.48980000615119934,0.4342,0.4191,0.53172,0.4933,0.56092,0.4921,0.60364,0.4904,0.6335,0.4942,0.63198,0.4936
2,23,False,0.6162999868392944,0.4968999922275543,0.43456,0.4198,0.53742,0.4937,0.57212,0.4967,0.62254,0.501,0.65654,0.5022,0.65484,0.501
2,24,False,0.6243399977684021,0.49639999866485596,0.43504,0.4233,0.53116,0.4943,0.5663,0.4911,0.61324,0.4998,0.64526,0.5037,0.64448,0.5021
2,25,False,0.6358000040054321,0.4894999861717224,0.43584,0.4213,0.53502,0.4916,0.57122,0.4949,0.6218,0.4932,0.66,0.5006,0.65652,0.4944
2,26,False,0.6407999992370605,0.4925999939441681,0.43316,0.4173,0.5337,0.493,0.57418,0.493,0.62644,0.5009,0.66802,0.5001,0.66702,0.4993
2,27,False,0.6486600041389465,0.4880000054836273,0.43424,0.4197,0.5342,0.4938,0.57338,0.492,0.63226,0.4936,0.67528,0.5001,0.67712,0.4939
2,28,False,0.6566399931907654,0.49129998683929443,0.43384,0.4218,0.5346,0.4923,0.57766,0.4974,0.63748,0.4991,0.68162,0.4981,0.68404,0.4956
2,29,False,0.6665199995040894,0.47360000014305115,0.435,0.4209,0.53434,0.494,0.5706,0.4964,0.62624,0.4932,0.66566,0.4909,0.66538,0.4876
2,30,False,0.6751599907875061,0.47099998593330383,0.43444,0.4205,0.53592,0.4949,0.57738,0.4902,0.63638,0.4926,0.68092,0.4921,0.68294,0.4806
2,31,False,0.6809399724006653,0.48820000886917114,0.43444,0.4188,0.5355,0.4903,0.58206,0.4911,0.6483,0.4906,0.70586,0.4931,0.71156,0.486
2,32,False,0.6929399967193604,0.48260000348091125,0.43532,0.4198,0.5362,0.4948,0.58348,0.4953,0.64902,0.4899,0.70234,0.488,0.71034,0.4874
2,33,False,0.6992400288581848,0.4837000072002411,0.43398,0.4188,0.5335,0.4921,0.58024,0.4917,0.64516,0.4962,0.7048,0.4934,0.70844,0.4883
2,34,False,0.7040799856185913,0.4830999970436096,0.43396,0.4206,0.5357,0.4923,0.57924,0.4926,0.64554,0.4956,0.70156,0.4938,0.70876,0.4869
2,35,False,0.7110999822616577,0.4862000048160553,0.4348,0.4229,0.53682,0.4933,0.58658,0.4975,0.65722,0.4954,0.72138,0.4934,0.72952,0.488
2,36,False,0.7171000242233276,0.4756999909877777,0.43456,0.4198,0.53544,0.4895,0.58396,0.49,0.65394,0.4902,0.71768,0.4905,0.72786,0.481
2,37,False,0.7245399951934814,0.47189998626708984,0.43502,0.4223,0.53496,0.4956,0.58192,0.4914,0.64974,0.4916,0.70856,0.4851,0.71482,0.4756
2,38,False,0.7346400022506714,0.4632999897003174,0.43474,0.4205,0.53104,0.4901,0.57164,0.4868,0.63774,0.4872,0.69854,0.4831,0.70384,0.4804
2,39,False,0.7401400208473206,0.4733000099658966,0.43416,0.4235,0.53676,0.4922,0.58596,0.4927,0.65748,0.4929,0.72534,0.4935,0.73672,0.4797
2,40,False,0.7414399981498718,0.4627000093460083,0.43416,0.4228,0.53416,0.4894,0.5794,0.4888,0.64616,0.4916,0.70434,0.4867,0.70572,0.4739
2,41,False,0.7450199723243713,0.4747999906539917,0.4353,0.422,0.53646,0.4955,0.5829,0.4942,0.65658,0.4958,0.72524,0.4891,0.73626,0.4811
2,42,False,0.7515000104904175,0.4799000024795532,0.43478,0.4232,0.53436,0.4916,0.58734,0.4926,0.66492,0.4989,0.7383,0.4917,0.74936,0.484
2,43,False,0.7600399851799011,0.4693000018596649,0.43568,0.4238,0.53582,0.4908,0.58628,0.493,0.66834,0.4907,0.74758,0.4837,0.76082,0.4749
2,44,False,0.7660599946975708,0.4749999940395355,0.43484,0.4222,0.5344,0.4896,0.58638,0.4839,0.66866,0.4853,0.74798,0.4823,0.76116,0.4747
2,45,False,0.7668200135231018,0.4781000018119812,0.43442,0.4207,0.53462,0.4937,0.5844,0.4917,0.66118,0.4917,0.73606,0.4919,0.74704,0.4813
2,46,False,0.7741400003433228,0.4803999960422516,0.4352,0.4201,0.53406,0.4906,0.58396,0.4909,0.66094,0.4958,0.7373,0.4895,0.75472,0.487
2,47,False,0.7810400128364563,0.46880000829696655,0.43536,0.4205,0.53454,0.4928,0.58932,0.4842,0.6714,0.4913,0.75628,0.4837,0.7775,0.472
2,48,False,0.7858999967575073,0.4699000120162964,0.43436,0.4217,0.53372,0.4894,0.5891,0.49,0.67442,0.4896,0.76372,0.4832,0.7792,0.471
2,49,False,0.7817800045013428,0.4740999937057495,0.4335,0.4224,0.53288,0.4915,0.5909,0.4861,0.67046,0.4884,0.75868,0.4875,0.77828,0.4726
2,50,False,0.7909200191497803,0.47540000081062317,0.4345,0.4197,0.53638,0.49,0.59106,0.4912,0.67944,0.4929,0.77152,0.4846,0.78928,0.4702
2,51,False,0.7925000190734863,0.4675999879837036,0.43404,0.4208,0.5357,0.4864,0.59532,0.4891,0.6817,0.4895,0.7776,0.4792,0.79816,0.4683
2,52,False,0.801859974861145,0.4713999927043915,0.43526,0.4209,0.53492,0.4906,0.59096,0.4884,0.67552,0.4895,0.76882,0.4874,0.79076,0.4697
2,53,False,0.8049200177192688,0.4661000072956085,0.4345,0.42,0.53432,0.4889,0.58982,0.4922,0.67878,0.4882,0.76438,0.4884,0.7853,0.4693
2,54,False,0.8054599761962891,0.47440001368522644,0.43464,0.4201,0.53514,0.4886,0.59316,0.4887,0.68564,0.4887,0.78544,0.4862,0.81448,0.475
2,55,False,0.8113999962806702,0.46639999747276306,0.43368,0.4205,0.53448,0.4875,0.58496,0.4886,0.67208,0.4875,0.75836,0.4833,0.7757,0.4685
2,56,False,0.8132799863815308,0.4683000147342682,0.43494,0.4222,0.5348,0.4929,0.58694,0.4883,0.6754,0.4927,0.7636,0.4863,0.78518,0.4722
2,57,False,0.8134599924087524,0.46549999713897705,0.43376,0.4215,0.53278,0.4874,0.5891,0.4826,0.6766,0.4914,0.77362,0.4767,0.79576,0.4658
2,58,False,0.8199599981307983,0.4643000066280365,0.43414,0.422,0.53562,0.4904,0.58868,0.4871,0.6801,0.4913,0.78138,0.4799,0.80424,0.4655
2,59,False,0.8198000192642212,0.4578999876976013,0.43366,0.4204,0.53404,0.4879,0.59064,0.4848,0.67808,0.4858,0.776,0.474,0.79588,0.4597
2,60,False,0.8295800089836121,0.4627000093460083,0.43308,0.4217,0.53288,0.4872,0.5905,0.4887,0.67992,0.4954,0.77956,0.4782,0.80124,0.4686
2,61,False,0.8242599964141846,0.46380001306533813,0.4337,0.4201,0.53516,0.4887,0.59084,0.4852,0.68218,0.4872,0.78056,0.4763,0.80452,0.46
2,62,False,0.8288000226020813,0.46050000190734863,0.43326,0.42,0.5347,0.4893,0.59124,0.486,0.68942,0.4885,0.79336,0.4805,0.82444,0.4681
2,63,False,0.8331599831581116,0.4706000089645386,0.43364,0.4227,0.53354,0.4896,0.59028,0.4864,0.68062,0.4907,0.78274,0.4802,0.80702,0.4723
2,64,False,0.8328999876976013,0.4636000096797943,0.43192,0.4201,0.53272,0.4899,0.58836,0.4857,0.6753,0.4872,0.77182,0.4807,0.79278,0.462
2,65,False,0.8351200222969055,0.45910000801086426,0.43496,0.4219,0.53588,0.4925,0.59188,0.4888,0.68508,0.4901,0.78806,0.4783,0.81238,0.4652
2,66,False,0.8385400176048279,0.4666999876499176,0.43358,0.4225,0.5342,0.4915,0.59374,0.486,0.68686,0.4885,0.79472,0.4774,0.82498,0.4621
2,67,False,0.8418400287628174,0.46389999985694885,0.43334,0.4231,0.53324,0.489,0.59082,0.4855,0.67684,0.4867,0.78394,0.4753,0.8069,0.4557
2,68,False,0.8361600041389465,0.45719999074935913,0.4336,0.421,0.53186,0.4886,0.58652,0.4841,0.67312,0.4848,0.776,0.4733,0.7958,0.4559
2,69,False,0.8494200110435486,0.4544000029563904,0.43298,0.4218,0.53298,0.4891,0.58812,0.4895,0.67784,0.4892,0.78534,0.4772,0.812,0.4589
2,70,False,0.8491799831390381,0.4496000111103058,0.43436,0.4194,0.53232,0.4865,0.58756,0.4819,0.6796,0.4848,0.78324,0.4701,0.8097,0.4554
2,71,False,0.8500800132751465,0.45350000262260437,0.4341,0.4236,0.53212,0.4868,0.58754,0.4869,0.6678,0.4847,0.76074,0.4708,0.77942,0.4563
2,72,False,0.8475199937820435,0.46959999203681946,0.43338,0.4211,0.53236,0.49,0.59746,0.4852,0.69608,0.4943,0.81136,0.475,0.8413,0.4602
2,73,False,0.8537399768829346,0.45559999346733093,0.43444,0.4208,0.5335,0.492,0.59324,0.4849,0.68668,0.4852,0.79746,0.471,0.82374,0.4572
2,74,False,0.8540599942207336,0.46140000224113464,0.43162,0.4204,0.53234,0.4871,0.58788,0.4822,0.67952,0.4862,0.78496,0.4768,0.8134,0.463
2,75,False,0.8574399948120117,0.4593000113964081,0.43228,0.4198,0.53188,0.4897,0.58906,0.485,0.6785,0.487,0.78422,0.4769,0.81686,0.4627
2,76,False,0.8626000285148621,0.4618000090122223,0.43334,0.4211,0.53338,0.4913,0.59654,0.4883,0.69022,0.4891,0.80982,0.4776,0.8423,0.4622
2,77,False,0.8647000193595886,0.45339998602867126,0.43342,0.4212,0.53132,0.4886,0.59066,0.4878,0.68332,0.4861,0.78652,0.4747,0.8175,0.4553
2,78,False,0.8590199947357178,0.45100000500679016,0.43338,0.4222,0.53006,0.4871,0.58692,0.489,0.67204,0.482,0.77458,0.4707,0.79858,0.4552
2,79,False,0.8659399747848511,0.45590001344680786,0.43176,0.4196,0.53084,0.4869,0.58832,0.4848,0.67514,0.4805,0.78774,0.4769,0.82016,0.4588
2,80,False,0.8590999841690063,0.46639999747276306,0.4333,0.4209,0.53324,0.4912,0.59278,0.4832,0.6857,0.4879,0.80574,0.4745,0.84366,0.4618
2,81,False,0.8663399815559387,0.46230000257492065,0.43356,0.4192,0.53424,0.4881,0.59558,0.4844,0.6973,0.4834,0.8144,0.4695,0.85664,0.4589
2,82,False,0.8719800114631653,0.4602000117301941,0.43206,0.421,0.53366,0.4896,0.59048,0.4831,0.68548,0.4865,0.80114,0.4728,0.83322,0.4635
2,83,False,0.866379976272583,0.4584999978542328,0.43418,0.4218,0.5346,0.4903,0.59452,0.486,0.69338,0.4869,0.81634,0.4742,0.85472,0.4572
2,84,False,0.8692799806594849,0.45329999923706055,0.43266,0.4205,0.53318,0.4872,0.59304,0.4855,0.69036,0.4868,0.8119,0.4735,0.84658,0.4625
2,85,False,0.8750399947166443,0.4553000032901764,0.43344,0.4207,0.53196,0.4897,0.585,0.4847,0.6702,0.4806,0.77612,0.4693,0.79994,0.4508
2,86,False,0.8619999885559082,0.4571000039577484,0.43294,0.4202,0.53262,0.491,0.59098,0.4858,0.6902,0.4857,0.81222,0.4738,0.85326,0.4576
2,87,False,0.8755199909210205,0.46219998598098755,0.43304,0.4203,0.5346,0.4865,0.59172,0.4834,0.69604,0.4859,0.8177,0.4728,0.8568,0.4553
2,88,False,0.8719000220298767,0.46399998664855957,0.4331,0.4213,0.53232,0.4896,0.59368,0.4835,0.68764,0.4864,0.80626,0.4761,0.84014,0.4587
2,89,False,0.8807600140571594,0.4528000056743622,0.43276,0.4242,0.53382,0.4892,0.59086,0.481,0.6912,0.4819,0.80794,0.4722,0.84376,0.4562
2,90,False,0.8822799921035767,0.46230000257492065,0.4319,0.4213,0.5333,0.4864,0.59272,0.4859,0.69836,0.4842,0.82358,0.4761,0.86056,0.4583
2,91,False,0.8766000270843506,0.46380001306533813,0.43392,0.4198,0.53144,0.4873,0.59398,0.4862,0.69314,0.4864,0.81128,0.4741,0.84844,0.4592
2,92,False,0.8812400102615356,0.4578999876976013,0.43224,0.4219,0.53244,0.4846,0.59388,0.4817,0.69118,0.483,0.8128,0.4744,0.85082,0.453
2,93,False,0.8760600090026855,0.4643000066280365,0.43354,0.4218,0.5321,0.4881,0.5917,0.4846,0.6915,0.486,0.81396,0.4756,0.8512,0.4588
2,94,False,0.8806999921798706,0.459199994802475,0.4317,0.4206,0.5334,0.4866,0.59204,0.4835,0.69294,0.4859,0.81752,0.4713,0.85804,0.4562
2,95,False,0.8824999928474426,0.45980000495910645,0.433,0.4203,0.53264,0.4874,0.5966,0.4826,0.70192,0.4869,0.83118,0.4747,0.86732,0.4595
2,96,False,0.8882200121879578,0.45890000462532043,0.43332,0.4218,0.53152,0.4913,0.59446,0.485,0.69702,0.4842,0.82556,0.4718,0.86596,0.4543
2,97,False,0.8807200193405151,0.44999998807907104,0.43346,0.421,0.53268,0.4885,0.59456,0.4838,0.69832,0.4832,0.82868,0.4727,0.86662,0.4501
2,98,False,0.8881000280380249,0.4551999866962433,0.43368,0.4213,0.53184,0.4907,0.59238,0.482,0.6866,0.4807,0.8091,0.4751,0.84312,0.4545
2,99,False,0.8852800130844116,0.45750001072883606,0.43316,0.4199,0.53394,0.4902,0.59578,0.4831,0.7071,0.4807,0.84452,0.4768,0.89002,0.4543
2,100,False,0.8908600211143494,0.4618000090122223,0.4327,0.4212,0.53254,0.4878,0.59048,0.4835,0.69352,0.4844,0.82544,0.4766,0.8634,0.4569
3,0,False,0.11138000339269638,0.11159999668598175,0.39996,0.3919,0.42078,0.4056,0.3822,0.3784,0.37302,0.3614,0.39032,0.3664,0.35748,0.3469
3,1,False,0.29401999711990356,0.35519999265670776,0.3722,0.3752,0.42782,0.4207,0.4002,0.3983,0.3973,0.3939,0.40902,0.3993,0.38428,0.381
3,2,False,0.36649999022483826,0.3799000084400177,0.39568,0.3951,0.45094,0.4384,0.42592,0.4215,0.4256,0.4182,0.43468,0.4262,0.42186,0.4207
3,3,False,0.40064001083374023,0.4147999882698059,0.40756,0.4058,0.46678,0.4529,0.45036,0.4429,0.4544,0.444,0.46316,0.451,0.45018,0.4394
3,4,False,0.4253599941730499,0.4375999867916107,0.41506,0.4091,0.47822,0.4619,0.46696,0.4594,0.47142,0.46,0.47936,0.468,0.47122,0.4587
3,5,False,0.44176000356674194,0.4350000023841858,0.41758,0.4128,0.48318,0.4719,0.4746,0.4632,0.48056,0.4638,0.48884,0.4657,0.47874,0.4609
3,6,False,0.4579800069332123,0.43880000710487366,0.4181,0.4152,0.4923,0.4732,0.48556,0.4692,0.49226,0.4751,0.50056,0.4799,0.49074,0.4755
3,7,False,0.46851998567581177,0.4602999985218048,0.42626,0.4187,0.50156,0.4768,0.49916,0.4782,0.50696,0.4856,0.51688,0.4893,0.50914,0.485
3,8,False,0.4808399975299835,0.45179998874664307,0.42608,0.4197,0.50276,0.4787,0.49778,0.4695,0.50522,0.4767,0.51636,0.4901,0.50822,0.4837
3,9,False,0.49178001284599304,0.4805000126361847,0.42866,0.4254,0.5058,0.4844,0.50804,0.4808,0.51926,0.489,0.53064,0.4997,0.52196,0.4894
3,10,False,0.5023199915885925,0.48350000381469727,0.42922,0.4214,0.51234,0.4848,0.51384,0.4846,0.52914,0.4901,0.54236,0.4972,0.53548,0.4955
3,11,False,0.5100799798965454,0.47200000286102295,0.43106,0.423,0.51466,0.4884,0.52092,0.4903,0.53496,0.494,0.54746,0.4951,0.5382,0.4892
3,12,False,0.5163999795913696,0.47859999537467957,0.43286,0.4242,0.5184,0.4829,0.5283,0.4863,0.54554,0.4944,0.55886,0.4994,0.5528,0.4987
3,13,False,0.5319799780845642,0.48510000109672546,0.43232,0.4236,0.52068,0.4881,0.53676,0.4907,0.55392,0.5042,0.56926,0.5014,0.56488,0.5022
3,14,False,0.5335400104522705,0.489300012588501,0.43182,0.4187,0.52154,0.4942,0.53852,0.4891,0.55674,0.5002,0.57142,0.5048,0.56522,0.5016
3,15,False,0.5403800010681152,0.48179998993873596,0.4311,0.4225,0.52566,0.4948,0.5451,0.4918,0.56632,0.4978,0.57932,0.5031,0.57482,0.4974
3,16,False,0.5503799915313721,0.49239999055862427,0.4329,0.4241,0.52702,0.4916,0.55026,0.4905,0.57536,0.5017,0.59248,0.5074,0.58628,0.5002
3,17,False,0.5585799813270569,0.4959999918937683,0.43262,0.4216,0.52698,0.4931,0.5521,0.4944,0.57874,0.5002,0.60232,0.5073,0.59762,0.5015
3,18,False,0.5687199831008911,0.4846000075340271,0.43186,0.4197,0.52842,0.4942,0.5528,0.4852,0.58492,0.501,0.60572,0.5011,0.60046,0.4983
3,19,False,0.5765799880027771,0.4885999858379364,0.4325,0.4232,0.52944,0.4913,0.55618,0.4913,0.58802,0.5017,0.60976,0.5043,0.60346,0.4999
3,20,False,0.5884799957275391,0.4765999913215637,0.43164,0.42,0.53058,0.4904,0.5562,0.4867,0.58614,0.4939,0.60634,0.5023,0.60062,0.4945
3,21,False,0.5913800001144409,0.4903999865055084,0.43398,0.4233,0.5311,0.4897,0.56424,0.4935,0.6046,0.5004,0.62764,0.4993,0.62462,0.4986
3,22,False,0.6009399890899658,0.490200012922287,0.43258,0.4216,0.53296,0.4895,0.56776,0.4947,0.6093,0.4987,0.63878,0.5001,0.63716,0.4953
3,23,False,0.6096600294113159,0.49950000643730164,0.43506,0.4223,0.53424,0.4877,0.57056,0.495,0.61626,0.4977,0.64632,0.5049,0.64584,0.4997
3,24,False,0.6162599921226501,0.49559998512268066,0.4339,0.421,0.5335,0.4941,0.57212,0.4933,0.61636,0.5027,0.64896,0.5062,0.64972,0.5006
3,25,False,0.6265599727630615,0.4853000044822693,0.43542,0.4225,0.53208,0.4917,0.5692,0.4918,0.61448,0.497,0.6489,0.5006,0.64726,0.493
3,26,False,0.6402999758720398,0.4934999942779541,0.4334,0.4202,0.5334,0.492,0.5738,0.4929,0.62444,0.501,0.66064,0.5041,0.6605,0.4974
3,27,False,0.6459400057792664,0.492000013589859,0.43364,0.4249,0.53252,0.491,0.57422,0.4936,0.62498,0.4968,0.66116,0.5049,0.66382,0.498
3,28,False,0.6572800278663635,0.486299991607666,0.43232,0.418,0.5325,0.4925,0.57524,0.4887,0.6288,0.4956,0.6699,0.498,0.67206,0.4899
3,29,False,0.6616600155830383,0.4869999885559082,0.4316,0.419,0.53434,0.4937,0.57718,0.4858,0.63528,0.4938,0.67766,0.496,0.67846,0.4903
3,30,False,0.6687999963760376,0.48890000581741333,0.43302,0.4223,0.53486,0.4922,0.5781,0.4887,0.63538,0.4952,0.68372,0.4984,0.68646,0.4937
3,31,False,0.6758800148963928,0.4950000047683716,0.43374,0.4214,0.5337,0.4956,0.58002,0.4873,0.64032,0.4919,0.69196,0.4984,0.6948,0.4938
3,32,False,0.689079999923706,0.47839999198913574,0.43278,0.4231,0.53514,0.4927,0.5779,0.4916,0.6411,0.4954,0.69066,0.4905,0.69566,0.4865
3,33,False,0.6895400285720825,0.4830000102519989,0.43264,0.4213,0.53364,0.4906,0.57956,0.4863,0.6456,0.4908,0.69514,0.4885,0.70052,0.4865
3,34,False,0.7014999985694885,0.48159998655319214,0.43342,0.4214,0.5353,0.4961,0.58258,0.4861,0.65348,0.4895,0.70544,0.4917,0.71348,0.4833
3,35,False,0.7073400020599365,0.4767000079154968,0.43306,0.4234,0.53386,0.4915,0.58452,0.4883,0.65464,0.4899,0.71114,0.4941,0.72106,0.4849
3,36,False,0.7124199867248535,0.48739999532699585,0.43478,0.4205,0.53586,0.4948,0.57912,0.4863,0.65026,0.4955,0.7055,0.4979,0.71408,0.4877
3,37,False,0.7210400104522705,0.47679999470710754,0.43282,0.4214,0.53474,0.4927,0.58422,0.4866,0.65722,0.4886,0.71802,0.492,0.72724,0.477
3,38,False,0.7228800058364868,0.47099998593330383,0.4311,0.4205,0.53316,0.4905,0.57778,0.4804,0.64584,0.4847,0.7073,0.4842,0.71226,0.4752
3,39,False,0.7320399880409241,0.47510001063346863,0.43418,0.4222,0.53526,0.4914,0.58174,0.4838,0.65334,0.4853,0.71442,0.4899,0.72716,0.4796
3,40,False,0.7369599938392639,0.4731000065803528,0.43224,0.4219,0.53482,0.4923,0.58282,0.4845,0.66194,0.4896,0.72776,0.4855,0.7399,0.4729
3,41,False,0.7455999851226807,0.4693000018596649,0.43388,0.4201,0.53444,0.4902,0.5785,0.4818,0.65766,0.488,0.72138,0.4867,0.73226,0.4734
3,42,False,0.7487999796867371,0.476500004529953,0.43272,0.4188,0.53404,0.4954,0.58092,0.4865,0.66214,0.4898,0.7335,0.4855,0.74438,0.4811
3,43,False,0.7526199817657471,0.47200000286102295,0.43144,0.4211,0.53576,0.4897,0.58682,0.4852,0.66876,0.4915,0.73988,0.4851,0.75802,0.4787
3,44,False,0.7593399882316589,0.4722000062465668,0.43136,0.4207,0.53488,0.4903,0.58642,0.4843,0.66578,0.4888,0.73868,0.4844,0.75704,0.4687
3,45,False,0.7620199918746948,0.4708999991416931,0.43216,0.4202,0.53382,0.4953,0.5792,0.4842,0.65354,0.4874,0.71902,0.4824,0.731,0.473
3,46,False,0.7700799703598022,0.47859999537467957,0.4331,0.4219,0.53528,0.4923,0.58546,0.4885,0.67424,0.4924,0.7509,0.4858,0.76956,0.4774
3,47,False,0.7720400094985962,0.47189998626708984,0.43436,0.4196,0.53286,0.491,0.58792,0.4817,0.67208,0.4865,0.75158,0.4837,0.76976,0.4702
3,48,False,0.7742199897766113,0.4731000065803528,0.43406,0.4192,0.53564,0.4901,0.58752,0.4864,0.66892,0.4894,0.74714,0.487,0.76792,0.4742
3,49,False,0.7817800045013428,0.4693000018596649,0.4316,0.4213,0.53584,0.4918,0.59164,0.4846,0.68106,0.4879,0.76604,0.4814,0.7898,0.4729
3,50,False,0.786620020866394,0.46720001101493835,0.43094,0.419,0.53346,0.4904,0.58474,0.4802,0.6719,0.4842,0.74944,0.4736,0.76822,0.4643
3,51,False,0.7942399978637695,0.47929999232292175,0.43294,0.4214,0.53336,0.4938,0.5866,0.4812,0.67932,0.4841,0.757,0.4802,0.77956,0.479
3,52,False,0.7943000197410583,0.46380001306533813,0.43148,0.4201,0.53376,0.4909,0.5858,0.4894,0.66956,0.488,0.74708,0.4801,0.76436,0.4667
3,53,False,0.7968800067901611,0.4708000123500824,0.43278,0.4219,0.53416,0.4908,0.58244,0.4843,0.66328,0.4843,0.74002,0.4823,0.75166,0.4749
3,54,False,0.8023800253868103,0.47029998898506165,0.43344,0.4213,0.53748,0.4921,0.59002,0.4806,0.68752,0.4888,0.7764,0.4765,0.8017,0.4727
3,55,False,0.8029400110244751,0.4700999855995178,0.43208,0.4219,0.53582,0.4937,0.59066,0.4793,0.68372,0.4864,0.77194,0.4779,0.7931,0.4734
3,56,False,0.8115800023078918,0.4699000120162964,0.43164,0.421,0.53506,0.4964,0.59254,0.4825,0.69118,0.4908,0.7862,0.4815,0.81626,0.4684
3,57,False,0.81632000207901,0.46219998598098755,0.43254,0.4209,0.53578,0.495,0.58878,0.4806,0.6815,0.4822,0.77458,0.4756,0.80096,0.4631
3,58,False,0.8134599924087524,0.46889999508857727,0.43186,0.4192,0.53546,0.4943,0.59102,0.4839,0.69018,0.4869,0.78048,0.4846,0.80994,0.4672
3,59,False,0.8116400241851807,0.4571000039577484,0.43262,0.4242,0.53474,0.4924,0.59004,0.4858,0.67684,0.4829,0.7582,0.4737,0.77672,0.4598
3,60,False,0.8189200162887573,0.46889999508857727,0.43212,0.4219,0.5371,0.4966,0.5912,0.4849,0.68626,0.4815,0.7846,0.4794,0.81264,0.4674
3,61,False,0.8200200200080872,0.46799999475479126,0.4336,0.4197,0.5328,0.4907,0.58816,0.4802,0.68066,0.4838,0.7674,0.4755,0.79016,0.4702
3,62,False,0.8313599824905396,0.46720001101493835,0.43162,0.4215,0.5333,0.4929,0.58716,0.4804,0.68062,0.4861,0.7676,0.4776,0.79296,0.4716
3,63,False,0.828819990158081,0.45879998803138733,0.43214,0.4208,0.53436,0.4915,0.58908,0.4785,0.68484,0.4859,0.77626,0.4802,0.80792,0.4649
3,64,False,0.8275399804115295,0.4690999984741211,0.43208,0.4214,0.5366,0.4938,0.59248,0.481,0.6917,0.4889,0.7948,0.4787,0.82436,0.4628
3,65,False,0.8405600190162659,0.4641999900341034,0.433,0.4233,0.53456,0.4886,0.58884,0.4784,0.68286,0.4813,0.7791,0.4769,0.81034,0.4651
3,66,False,0.8387799859046936,0.4629000127315521,0.43322,0.4239,0.5332,0.4951,0.59024,0.4801,0.6855,0.485,0.78452,0.4734,0.8143,0.4644
3,67,False,0.8395400047302246,0.4756999909877777,0.43262,0.4227,0.53362,0.4944,0.59116,0.4822,0.68612,0.4863,0.78964,0.4815,0.82462,0.4763
3,68,False,0.8468999862670898,0.4700999855995178,0.43222,0.4209,0.53482,0.4936,0.59198,0.481,0.68728,0.4842,0.78974,0.4786,0.82348,0.4673
3,69,False,0.8460999727249146,0.46540001034736633,0.43156,0.422,0.53464,0.4929,0.5938,0.4795,0.6913,0.481,0.79532,0.4768,0.82744,0.4687
3,70,False,0.8472800254821777,0.4575999975204468,0.4327,0.4212,0.5329,0.494,0.5887,0.4795,0.68516,0.4819,0.7822,0.4773,0.8104,0.465
3,71,False,0.8462399840354919,0.4645000100135803,0.43198,0.4235,0.5352,0.4928,0.59556,0.4825,0.69572,0.4845,0.80406,0.4762,0.8336,0.4671
3,72,False,0.8499600291252136,0.4643000066280365,0.43262,0.4204,0.5353,0.4906,0.59498,0.4818,0.69278,0.4825,0.80558,0.4786,0.84304,0.4629
3,73,False,0.852840006351471,0.46239998936653137,0.43262,0.4193,0.5347,0.4955,0.5908,0.4809,0.69046,0.4831,0.79586,0.4744,0.829,0.4697
3,74,False,0.85343998670578,0.4607999920845032,0.4304,0.4199,0.5328,0.4923,0.58678,0.4837,0.68348,0.4844,0.78592,0.4796,0.81484,0.4638
3,75,False,0.8608199954032898,0.4627000093460083,0.4314,0.4181,0.53538,0.4928,0.59592,0.4823,0.6983,0.4859,0.80636,0.4783,0.84576,0.4643
3,76,False,0.8531200289726257,0.4652999937534332,0.43386,0.4237,0.53524,0.4894,0.59002,0.4818,0.69372,0.4852,0.80052,0.4756,0.83626,0.4643
3,77,False,0.8565199971199036,0.46720001101493835,0.43312,0.4187,0.53488,0.4924,0.58896,0.4857,0.68794,0.488,0.79168,0.4773,0.8241,0.4655
3,78,False,0.8615400195121765,0.46140000224113464,0.43214,0.4207,0.53298,0.4917,0.589,0.4844,0.68062,0.4877,0.77754,0.4761,0.80654,0.4606
3,79,False,0.8648399710655212,0.4603999853134155,0.43088,0.4196,0.53276,0.4921,0.5936,0.4819,0.6942,0.4836,0.8041,0.4768,0.83936,0.4607
3,80,False,0.8648200035095215,0.46399998664855957,0.4317,0.4181,0.5332,0.4928,0.59102,0.4813,0.69306,0.4869,0.79968,0.473,0.83892,0.4661
3,81,False,0.8697400093078613,0.46549999713897705,0.43156,0.4187,0.53366,0.4932,0.59222,0.4793,0.6919,0.4853,0.7974,0.4733,0.83266,0.465
3,82,False,0.8734400272369385,0.4629000127315521,0.43216,0.4223,0.53254,0.4954,0.59472,0.4819,0.69898,0.4867,0.8108,0.476,0.85018,0.4618
3,83,False,0.8637199997901917,0.4690000116825104,0.43082,0.4197,0.53358,0.4941,0.59302,0.4806,0.69536,0.4854,0.80136,0.4787,0.83868,0.468
3,84,False,0.8697999715805054,0.4650999903678894,0.43292,0.4202,0.5343,0.494,0.5943,0.4785,0.70226,0.4858,0.81386,0.4762,0.85694,0.4594
3,85,False,0.8635200262069702,0.46129998564720154,0.4326,0.4205,0.5316,0.4893,0.58672,0.4781,0.6871,0.4834,0.78784,0.476,0.82114,0.4643
3,86,False,0.8762199878692627,0.4666999876499176,0.43268,0.4209,0.53432,0.4917,0.59266,0.4809,0.69892,0.4871,0.80968,0.4826,0.85404,0.4653
3,87,False,0.8756999969482422,0.46619999408721924,0.43266,0.4241,0.5352,0.495,0.59434,0.485,0.70214,0.4884,0.81788,0.4759,0.8606,0.4663
3,88,False,0.8712999820709229,0.46050000190734863,0.43282,0.4227,0.5346,0.492,0.59326,0.4823,0.6984,0.4835,0.807,0.4759,0.85124,0.4644
3,89,False,0.879800021648407,0.46549999713897705,0.43286,0.4202,0.53338,0.4964,0.59238,0.4765,0.7018,0.4859,0.81518,0.4752,0.85522,0.46
3,90,False,0.8796600103378296,0.4636000096797943,0.43288,0.4206,0.53416,0.4932,0.59294,0.4795,0.70404,0.4862,0.8217,0.4797,0.86412,0.4653
3,91,False,0.8766400218009949,0.4699000120162964,0.43386,0.4191,0.53408,0.493,0.59348,0.4801,0.70256,0.4865,0.81952,0.4766,0.8663,0.4653
3,92,False,0.8730199933052063,0.4643999934196472,0.43234,0.4192,0.53236,0.4939,0.58834,0.4782,0.68342,0.4868,0.79338,0.4771,0.82962,0.4644
3,93,False,0.8804799914360046,0.45649999380111694,0.43252,0.423,0.53376,0.4932,0.59032,0.4823,0.69144,0.4856,0.79938,0.4732,0.83714,0.4633
3,94,False,0.8709800243377686,0.46070000529289246,0.4317,0.4227,0.53226,0.4902,0.58694,0.4812,0.68248,0.483,0.77918,0.476,0.81682,0.4628
3,95,False,0.8851799964904785,0.45669999718666077,0.43266,0.4184,0.53278,0.4914,0.58548,0.4813,0.68208,0.4849,0.7856,0.4748,0.82476,0.459
3,96,False,0.8870599865913391,0.4577000141143799,0.43246,0.422,0.53452,0.4964,0.59476,0.4832,0.7009,0.4841,0.81478,0.4728,0.85896,0.4604
3,97,False,0.8822600245475769,0.45419999957084656,0.43136,0.4233,0.5345,0.4949,0.59316,0.4839,0.69764,0.4807,0.80758,0.4705,0.85,0.4567
3,98,False,0.8819000124931335,0.45680001378059387,0.4315,0.4233,0.53312,0.4914,0.58938,0.4773,0.69194,0.4851,0.8005,0.4717,0.8417,0.4598
3,99,False,0.8873400092124939,0.4562999904155731,0.43252,0.4213,0.53352,0.49,0.5908,0.4824,0.6937,0.4909,0.8087,0.4756,0.8537,0.4594
3,100,False,0.8930000066757202,0.4584999978542328,0.43284,0.4201,0.53374,0.4935,0.594,0.4805,0.69708,0.4828,0.81272,0.4742,0.85624,0.457
4,0,False,0.10006000101566315,0.10010000318288803,0.40126,0.3898,0.42082,0.4025,0.37484,0.3702,0.36518,0.354,0.38646,0.3625,0.35406,0.3438
4,1,False,0.29600000381469727,0.34779998660087585,0.36968,0.3737,0.42398,0.4187,0.39808,0.3997,0.3974,0.3927,0.41196,0.4049,0.39044,0.3844
4,2,False,0.36621999740600586,0.37770000100135803,0.38278,0.3854,0.4437,0.4334,0.42246,0.4184,0.42588,0.4182,0.43556,0.4293,0.41762,0.4163
4,3,False,0.39989998936653137,0.4065000116825104,0.39222,0.3908,0.46158,0.4501,0.44418,0.4399,0.44952,0.4438,0.45778,0.4451,0.44196,0.4394
4,4,False,0.4140399992465973,0.40849998593330383,0.3972,0.3957,0.47044,0.46,0.4536,0.4453,0.46258,0.4574,0.4726,0.4597,0.45906,0.4575
4,5,False,0.43507999181747437,0.44530001282691956,0.4059,0.4035,0.48334,0.4687,0.47512,0.4607,0.48138,0.4675,0.49018,0.4684,0.47964,0.4693
4,6,False,0.4509600102901459,0.4537000060081482,0.40818,0.4046,0.48446,0.4733,0.4781,0.4638,0.4877,0.4704,0.49918,0.4768,0.48884,0.4735
4,7,False,0.46560001373291016,0.46700000762939453,0.4125,0.41,0.48966,0.474,0.4887,0.4733,0.50048,0.4784,0.509,0.4855,0.4995,0.4851
4,8,False,0.4768800139427185,0.45809999108314514,0.4133,0.4122,0.49596,0.4772,0.49648,0.474,0.50672,0.479,0.51642,0.4839,0.50634,0.4792
4,9,False,0.48853999376296997,0.46209999918937683,0.41326,0.4065,0.5015,0.4794,0.50392,0.4789,0.5171,0.4822,0.52656,0.4907,0.51744,0.4853
4,10,False,0.4940800070762634,0.4690000116825104,0.41542,0.4086,0.50432,0.4838,0.51198,0.4871,0.52658,0.4869,0.5379,0.4922,0.52852,0.4887
4,11,False,0.500819981098175,0.48910000920295715,0.41656,0.4109,0.50814,0.4849,0.51562,0.4857,0.53708,0.4955,0.54676,0.4995,0.5406,0.4985
4,12,False,0.511139988899231,0.4765999913215637,0.41622,0.4104,0.50818,0.4854,0.52152,0.486,0.54108,0.4953,0.55472,0.4964,0.54668,0.4929
4,13,False,0.5209400057792664,0.48899999260902405,0.41922,0.4114,0.5118,0.4869,0.52464,0.4909,0.54852,0.4973,0.56538,0.5028,0.55922,0.4996
4,14,False,0.5261800289154053,0.4884999990463257,0.41962,0.4128,0.509,0.4848,0.52372,0.4872,0.5442,0.4978,0.55976,0.4976,0.55402,0.4918
4,15,False,0.5341799855232239,0.49410000443458557,0.42052,0.4116,0.5149,0.4852,0.52748,0.4823,0.55538,0.497,0.5716,0.4998,0.56614,0.4971
4,16,False,0.5416200160980225,0.49959999322891235,0.4183,0.4121,0.5126,0.4877,0.5335,0.4831,0.56376,0.4978,0.5852,0.5016,0.58012,0.501
4,17,False,0.548740029335022,0.4968999922275543,0.42022,0.4095,0.5156,0.4871,0.53592,0.4884,0.56616,0.4959,0.58746,0.503,0.58082,0.4979
4,18,False,0.5592799782752991,0.48500001430511475,0.41754,0.4097,0.5147,0.4906,0.5355,0.4897,0.56554,0.4913,0.58946,0.4977,0.58224,0.4965
4,19,False,0.5648000240325928,0.4796999990940094,0.42072,0.4097,0.51648,0.4853,0.53938,0.4862,0.57342,0.4924,0.59604,0.4968,0.5891,0.4932
4,20,False,0.5713199973106384,0.48159998655319214,0.41792,0.4085,0.51722,0.4876,0.5367,0.4821,0.5671,0.4885,0.59186,0.4954,0.58504,0.4908
4,21,False,0.5818399786949158,0.4912000000476837,0.41996,0.4095,0.51728,0.4864,0.54574,0.4839,0.58372,0.4902,0.61234,0.4999,0.6077,0.4945
4,22,False,0.5860999822616577,0.47530001401901245,0.41804,0.4092,0.5179,0.4881,0.53796,0.4835,0.57626,0.487,0.60572,0.4925,0.60082,0.4885
4,23,False,0.593999981880188,0.48420000076293945,0.41864,0.4079,0.51788,0.488,0.5418,0.4839,0.5827,0.4967,0.61282,0.4956,0.60742,0.4895
4,24,False,0.6028000116348267,0.49149999022483826,0.41952,0.4091,0.51928,0.4867,0.5518,0.4826,0.59994,0.4974,0.63442,0.4986,0.63482,0.497
4,25,False,0.6105800271034241,0.4814000129699707,0.41876,0.4061,0.51896,0.4905,0.55358,0.4871,0.60476,0.4893,0.64314,0.499,0.64506,0.4912
4,26,False,0.6233000159263611,0.48809999227523804,0.41866,0.4097,0.51758,0.4876,0.55262,0.4844,0.59972,0.4923,0.64098,0.4957,0.64264,0.4931
4,27,False,0.6234400272369385,0.4799000024795532,0.4179,0.4104,0.51914,0.4885,0.54944,0.4841,0.59664,0.4911,0.63868,0.4947,0.63792,0.4875
4,28,False,0.6369600296020508,0.47769999504089355,0.41922,0.4103,0.52036,0.4849,0.55152,0.4847,0.60186,0.4879,0.64508,0.4889,0.64366,0.4842
4,29,False,0.639460027217865,0.48179998993873596,0.41854,0.407,0.51868,0.4821,0.54792,0.4801,0.6014,0.4894,0.6413,0.4909,0.64538,0.4849
4,30,False,0.6456400156021118,0.4819999933242798,0.4162,0.4057,0.5187,0.4856,0.55206,0.4835,0.60742,0.4898,0.6561,0.4895,0.65702,0.4872
4,31,False,0.6581000089645386,0.48339998722076416,0.41894,0.4085,0.5206,0.4856,0.55838,0.4885,0.61326,0.4928,0.6666,0.4918,0.66938,0.482
4,32,False,0.6635199785232544,0.47369998693466187,0.4163,0.4078,0.51922,0.4861,0.55258,0.4753,0.6088,0.4822,0.66136,0.488,0.66522,0.4826
4,33,False,0.674780011177063,0.4797999858856201,0.41816,0.4098,0.5198,0.487,0.5567,0.4824,0.61626,0.4893,0.67136,0.4847,0.67666,0.4786
4,34,False,0.6817600131034851,0.47200000286102295,0.41884,0.4096,0.52044,0.4887,0.5554,0.4841,0.6165,0.4859,0.67252,0.4837,0.67826,0.4806
4,35,False,0.6814600229263306,0.4722000062465668,0.4179,0.4097,0.5207,0.4848,0.55912,0.4834,0.62224,0.4873,0.68456,0.488,0.69376,0.4795
4,36,False,0.695360004901886,0.47530001401901245,0.4166,0.4069,0.5196,0.4873,0.5578,0.4852,0.62386,0.4932,0.68416,0.4931,0.69536,0.4832
4,37,False,0.6993200182914734,0.47909998893737793,0.41902,0.4073,0.52174,0.4863,0.56192,0.4846,0.62788,0.4866,0.6922,0.485,0.7035,0.4837
4,38,False,0.7057999968528748,0.46869999170303345,0.4169,0.4093,0.52002,0.4838,0.56048,0.4801,0.62682,0.4867,0.69298,0.4907,0.70448,0.4824
4,39,False,0.7172799706459045,0.4666999876499176,0.41684,0.4083,0.52016,0.4877,0.5598,0.4824,0.6283,0.4858,0.6992,0.4844,0.71358,0.4756
4,40,False,0.7229200005531311,0.46860000491142273,0.41738,0.4101,0.52004,0.4844,0.55816,0.4842,0.62228,0.4861,0.68834,0.485,0.70218,0.473
4,41,False,0.7214400172233582,0.4632999897003174,0.41716,0.4092,0.51948,0.4877,0.56306,0.4852,0.6288,0.4868,0.69516,0.4786,0.70558,0.4733
4,42,False,0.7271199822425842,0.4722999930381775,0.41694,0.4089,0.51988,0.4884,0.5626,0.4834,0.6318,0.49,0.70492,0.4882,0.72054,0.4719
4,43,False,0.7364400029182434,0.4729999899864197,0.41698,0.4119,0.51832,0.4862,0.55834,0.4835,0.6292,0.4915,0.69878,0.4848,0.71256,0.474
4,44,False,0.7402200102806091,0.46320000290870667,0.4169,0.4081,0.52016,0.4856,0.55894,0.4816,0.62806,0.4838,0.6954,0.4807,0.7072,0.4671
4,45,False,0.7470800280570984,0.47200000286102295,0.41674,0.4092,0.52086,0.4851,0.56326,0.4839,0.6378,0.4889,0.71512,0.4847,0.73428,0.4753
4,46,False,0.7472000122070312,0.46869999170303345,0.41568,0.4096,0.51974,0.4856,0.56174,0.4807,0.63312,0.4844,0.7121,0.4831,0.72882,0.4738
4,47,False,0.754040002822876,0.4693000018596649,0.41564,0.4079,0.521,0.4868,0.56642,0.4864,0.64122,0.4863,0.72218,0.4797,0.7422,0.4662
4,48,False,0.7592800259590149,0.4551999866962433,0.41764,0.4085,0.52014,0.4877,0.5586,0.4821,0.62808,0.4865,0.7017,0.4791,0.71214,0.4609
4,49,False,0.763480007648468,0.4602999985218048,0.41672,0.4089,0.52052,0.4882,0.56148,0.483,0.6283,0.4868,0.70798,0.4833,0.7256,0.4671
4,50,False,0.7743600010871887,0.47130000591278076,0.41692,0.4084,0.51878,0.4887,0.56358,0.4822,0.63982,0.4876,0.7247,0.4802,0.74738,0.4665
4,51,False,0.7708200216293335,0.46639999747276306,0.41724,0.4077,0.51926,0.4823,0.55984,0.4817,0.63494,0.4838,0.72082,0.4787,0.74324,0.4671
4,52,False,0.776639997959137,0.46399998664855957,0.4161,0.4083,0.52036,0.4868,0.56186,0.4823,0.63878,0.4831,0.72922,0.4827,0.7492,0.4654
4,53,False,0.7732599973678589,0.45739999413490295,0.41634,0.4088,0.52122,0.4873,0.56158,0.4788,0.63522,0.4829,0.72134,0.4767,0.74252,0.4567
4,54,False,0.7797200083732605,0.45879998803138733,0.41648,0.4089,0.51866,0.485,0.56438,0.4789,0.6416,0.4829,0.73306,0.4841,0.75768,0.464
4,55,False,0.7828599810600281,0.4627000093460083,0.4165,0.4106,0.52106,0.4873,0.5616,0.485,0.63382,0.4838,0.7227,0.4756,0.74646,0.4649
4,56,False,0.7980599999427795,0.46619999408721924,0.41752,0.409,0.52016,0.4868,0.56676,0.481,0.64944,0.4868,0.74906,0.4824,0.78272,0.4655
4,57,False,0.7956600189208984,0.4602999985218048,0.41708,0.4083,0.51968,0.489,0.5605,0.484,0.64026,0.4824,0.72718,0.4803,0.75624,0.4584
4,58,False,0.798520028591156,0.4618000090122223,0.41572,0.41,0.51978,0.485,0.56074,0.4807,0.6417,0.4804,0.73098,0.4773,0.7559,0.4646
4,59,False,0.8014199733734131,0.4587000012397766,0.4155,0.4061,0.51986,0.4849,0.5586,0.4827,0.63452,0.4776,0.72628,0.4798,0.74884,0.4588
4,60,False,0.8013799786567688,0.4551999866962433,0.41654,0.4078,0.5203,0.4862,0.56556,0.4788,0.64542,0.4824,0.74598,0.4787,0.7745,0.4575
4,61,False,0.8097000122070312,0.451200008392334,0.41426,0.4073,0.5182,0.4862,0.56324,0.4769,0.64204,0.4819,0.73986,0.4753,0.76686,0.4558
4,62,False,0.8109599947929382,0.45890000462532043,0.41684,0.4084,0.5183,0.4854,0.56176,0.4762,0.64294,0.4827,0.74316,0.4777,0.77144,0.4598
4,63,False,0.816860020160675,0.4440000057220459,0.41498,0.4071,0.51758,0.4856,0.562,0.4758,0.63836,0.4759,0.73108,0.4737,0.75828,0.4537
4,64,False,0.8113800287246704,0.44620001316070557,0.4149,0.408,0.51774,0.4864,0.55844,0.478,0.63436,0.4752,0.72734,0.4768,0.7519,0.4523
4,65,False,0.8188199996948242,0.4530999958515167,0.41534,0.4084,0.51776,0.4854,0.56236,0.4775,0.64112,0.4816,0.73948,0.4747,0.76816,0.4576
4,66,False,0.8236600160598755,0.4560999870300293,0.41494,0.4064,0.5171,0.4848,0.56324,0.4755,0.64424,0.4804,0.74786,0.4733,0.77986,0.4503
4,67,False,0.8324999809265137,0.4474000036716461,0.41616,0.4097,0.51984,0.4861,0.561,0.4749,0.6399,0.4737,0.7399,0.4748,0.7711,0.4558
4,68,False,0.8217999935150146,0.454800009727478,0.41526,0.407,0.51848,0.4841,0.56564,0.4816,0.65122,0.482,0.76368,0.4775,0.7986,0.454
4,69,False,0.824999988079071,0.45840001106262207,0.41614,0.4074,0.51952,0.4846,0.56104,0.4742,0.6432,0.4839,0.74702,0.4734,0.78108,0.4558
4,70,False,0.836080014705658,0.44999998807907104,0.4162,0.4089,0.5187,0.4865,0.56532,0.4755,0.64684,0.4803,0.75658,0.4763,0.79274,0.4518
4,71,False,0.832260012626648,0.45339998602867126,0.41448,0.4068,0.51966,0.4833,0.56426,0.4764,0.64472,0.4833,0.7491,0.4758,0.78058,0.4584
4,72,False,0.8371400237083435,0.45500001311302185,0.41568,0.4093,0.51828,0.4863,0.56312,0.4779,0.64264,0.4814,0.7503,0.4755,0.78422,0.4532
4,73,False,0.827239990234375,0.44749999046325684,0.41568,0.4076,0.51894,0.485,0.5639,0.477,0.644,0.4774,0.75254,0.474,0.78884,0.4557
4,74,False,0.8401600122451782,0.448199987411499,0.41654,0.4105,0.5184,0.4863,0.5631,0.4768,0.6422,0.4819,0.74436,0.478,0.77616,0.4515
4,75,False,0.8387799859046936,0.448199987411499,0.41514,0.4086,0.51824,0.4856,0.5638,0.481,0.64646,0.4807,0.7575,0.4723,0.795,0.4505
4,76,False,0.835860013961792,0.4496000111103058,0.41584,0.4077,0.51898,0.4859,0.56558,0.476,0.64756,0.4797,0.75916,0.4757,0.80072,0.4495
4,77,False,0.8484600186347961,0.4514000117778778,0.41482,0.4067,0.52038,0.4844,0.56286,0.4754,0.64892,0.4817,0.76112,0.4747,0.80834,0.4518
4,78,False,0.8472800254821777,0.4449999928474426,0.41518,0.4083,0.51856,0.4846,0.56066,0.477,0.64066,0.4763,0.74514,0.473,0.7878,0.4443
4,79,False,0.8538399934768677,0.44909998774528503,0.41504,0.4076,0.51898,0.4843,0.56396,0.4767,0.653,0.4826,0.77128,0.4729,0.81922,0.4555
4,80,False,0.8489199876785278,0.45329999923706055,0.41568,0.4089,0.5203,0.4857,0.56218,0.4754,0.64972,0.4809,0.75904,0.4709,0.80292,0.4471
4,81,False,0.8450800180435181,0.46070000529289246,0.41692,0.4083,0.5189,0.4851,0.5628,0.4802,0.64938,0.4812,0.7657,0.4789,0.81148,0.4539
4,82,False,0.8539000153541565,0.4490000009536743,0.41502,0.4071,0.51812,0.4856,0.56268,0.4776,0.64668,0.4772,0.7519,0.4717,0.79788,0.4496
4,83,False,0.8579800128936768,0.451200008392334,0.41726,0.4085,0.51854,0.488,0.56174,0.4747,0.64766,0.4768,0.76164,0.4708,0.80988,0.4444
4,84,False,0.8525000214576721,0.4449999928474426,0.41426,0.4063,0.51942,0.4842,0.56026,0.4735,0.6392,0.4791,0.7433,0.4685,0.78082,0.4459
4,85,False,0.8579199910163879,0.45669999718666077,0.41654,0.4084,0.51884,0.4841,0.56528,0.4785,0.65238,0.484,0.77114,0.4745,0.827,0.4493
4,86,False,0.8598600029945374,0.45249998569488525,0.41524,0.4059,0.51684,0.485,0.56192,0.4784,0.6454,0.4805,0.75856,0.4771,0.81064,0.4512
4,87,False,0.8559399843215942,0.4499000012874603,0.41544,0.4073,0.51814,0.4835,0.5647,0.4751,0.64926,0.4756,0.77268,0.4749,0.82334,0.4488
4,88,False,0.8598200082778931,0.4496000111103058,0.41484,0.4072,0.51924,0.4841,0.56446,0.4747,0.64594,0.4816,0.76724,0.4703,0.81526,0.4485
4,89,False,0.8668599724769592,0.4471000134944916,0.41444,0.4055,0.51878,0.4876,0.55886,0.475,0.64014,0.4772,0.74546,0.4736,0.78732,0.446
4,90,False,0.8624799847602844,0.44350001215934753,0.41484,0.4068,0.52008,0.4872,0.55978,0.4703,0.64282,0.4855,0.7536,0.4734,0.79576,0.4452
4,91,False,0.8617200255393982,0.44290000200271606,0.4162,0.4086,0.5187,0.4854,0.5612,0.4785,0.64588,0.4774,0.7623,0.4703,0.81416,0.4417
4,92,False,0.8660399913787842,0.4530999958515167,0.41568,0.4053,0.5187,0.4869,0.56604,0.4775,0.65472,0.4816,0.78068,0.4737,0.83816,0.4498
4,93,False,0.8651599884033203,0.44699999690055847,0.41676,0.4072,0.51792,0.4884,0.5626,0.4761,0.6512,0.4815,0.77786,0.4714,0.83172,0.4454
4,94,False,0.8718600273132324,0.45159998536109924,0.41532,0.4059,0.51774,0.4864,0.56056,0.4767,0.64978,0.4851,0.76872,0.4731,0.82172,0.4486
4,95,False,0.8636199831962585,0.4498000144958496,0.4147,0.4055,0.5186,0.4855,0.5629,0.4743,0.64788,0.4805,0.76728,0.4716,0.82378,0.4539
4,96,False,0.8685600161552429,0.44589999318122864,0.41606,0.408,0.5186,0.4884,0.56224,0.4794,0.6494,0.4805,0.7685,0.4757,0.82206,0.4462
4,97,False,0.8743799924850464,0.4494999945163727,0.41454,0.4065,0.51774,0.4857,0.56208,0.4731,0.64762,0.4822,0.76458,0.4709,0.8198,0.4491
4,98,False,0.8722800016403198,0.4528999924659729,0.4159,0.4067,0.52028,0.4868,0.56388,0.4772,0.65326,0.4821,0.78386,0.471,0.84398,0.4465
4,99,False,0.8749399781227112,0.445499986410141,0.41526,0.4064,0.51812,0.4828,0.5637,0.4737,0.64786,0.4824,0.77146,0.4745,0.81912,0.4465
4,100,False,0.8733599781990051,0.4465000033378601,0.41438,0.4057,0.52094,0.4831,0.5612,0.4778,0.646,0.477,0.7664,0.4695,0.82246,0.4505
5,0,False,0.10147999972105026,0.10220000147819519,0.3933,0.387,0.41806,0.3988,0.38234,0.3722,0.36946,0.359,0.38654,0.3647,0.35624,0.3493
5,1,False,0.29649999737739563,0.35600000619888306,0.36938,0.3721,0.42754,0.4226,0.39462,0.3955,0.40298,0.3977,0.40916,0.4025,0.38916,0.3878
5,2,False,0.36956000328063965,0.39309999346733093,0.38628,0.3894,0.44804,0.4404,0.42704,0.4223,0.4311,0.4274,0.43886,0.4359,0.42552,0.4219
5,3,False,0.4018799960613251,0.4016999900341034,0.39652,0.396,0.46188,0.4486,0.44528,0.4384,0.44692,0.446,0.4574,0.4476,0.44518,0.4469
5,4,False,0.4225200116634369,0.4417000114917755,0.40386,0.4008,0.47498,0.462,0.46032,0.4549,0.46622,0.4632,0.47308,0.4642,0.46074,0.4563
5,5,False,0.44058001041412354,0.4505999982357025,0.41,0.403,0.48266,0.4695,0.4755,0.4655,0.48224,0.4704,0.49152,0.4728,0.48284,0.4701
5,6,False,0.4510599970817566,0.4519999921321869,0.41296,0.4069,0.48474,0.4641,0.47996,0.4647,0.48652,0.4705,0.49772,0.4745,0.4881,0.4701
5,7,False,0.4654200077056885,0.4627000093460083,0.41544,0.4088,0.49202,0.471,0.48432,0.468,0.49922,0.4809,0.50852,0.4843,0.49862,0.4808
5,8,False,0.4761199951171875,0.44920000433921814,0.41444,0.4118,0.4939,0.4746,0.493,0.4705,0.50428,0.4754,0.5154,0.4836,0.50538,0.4818
5,9,False,0.48927998542785645,0.4643000066280365,0.41632,0.4102,0.49714,0.4755,0.49852,0.4799,0.5132,0.4864,0.52554,0.4944,0.51822,0.4864
5,10,False,0.4958600103855133,0.4726000130176544,0.41812,0.4106,0.5033,0.4784,0.5119,0.4807,0.52348,0.49,0.53638,0.4956,0.52854,0.4917
5,11,False,0.5035799741744995,0.4677000045776367,0.41704,0.4076,0.5024,0.4808,0.5099,0.4835,0.5242,0.4842,0.53796,0.4971,0.52772,0.4905
5,12,False,0.5123000144958496,0.48399999737739563,0.41588,0.4112,0.504,0.483,0.51724,0.4893,0.53544,0.4922,0.54892,0.4992,0.54252,0.4939
5,13,False,0.5212600231170654,0.4943999946117401,0.41824,0.411,0.50932,0.487,0.52056,0.489,0.54434,0.4969,0.56022,0.5013,0.55434,0.5009
5,14,False,0.5304800271987915,0.4921000003814697,0.41736,0.4096,0.50966,0.4858,0.52236,0.4901,0.55146,0.5014,0.56602,0.5013,0.56202,0.4984
5,15,False,0.5369200110435486,0.49140000343322754,0.41872,0.4101,0.50988,0.483,0.52672,0.4883,0.55428,0.497,0.56956,0.4995,0.568,0.4975
5,16,False,0.5473200082778931,0.4900999963283539,0.41604,0.4088,0.51218,0.4865,0.53372,0.4926,0.56318,0.4996,0.5842,0.4989,0.58086,0.4942
5,17,False,0.5503000020980835,0.4828000068664551,0.4178,0.408,0.5132,0.4851,0.5315,0.489,0.56438,0.4994,0.58868,0.4972,0.58458,0.495
5,18,False,0.5629799962043762,0.4918000102043152,0.41896,0.4065,0.5163,0.4839,0.54088,0.4907,0.57456,0.4974,0.59952,0.499,0.59684,0.4999
5,19,False,0.5683199763298035,0.4832000136375427,0.41664,0.4093,0.51376,0.4846,0.539,0.4898,0.5696,0.4949,0.59512,0.5007,0.59108,0.5008
5,20,False,0.5790600180625916,0.48669999837875366,0.41656,0.4083,0.51546,0.4832,0.53962,0.4918,0.57572,0.4909,0.60466,0.5022,0.60192,0.4971
5,21,False,0.5870800018310547,0.49140000343322754,0.41788,0.4054,0.51702,0.4824,0.54542,0.4932,0.5901,0.4947,0.6203,0.4985,0.62234,0.4932
5,22,False,0.5936200022697449,0.48809999227523804,0.41792,0.4101,0.51942,0.4849,0.54766,0.4917,0.59462,0.4978,0.62732,0.5005,0.6277,0.4993
5,23,False,0.60343998670578,0.48399999737739563,0.4169,0.4055,0.51628,0.4839,0.5422,0.4862,0.58696,0.4911,0.61808,0.4929,0.6181,0.4951
5,24,False,0.615119993686676,0.490200012922287,0.4167,0.4067,0.51712,0.4836,0.54418,0.4929,0.59528,0.4932,0.6322,0.4973,0.63382,0.4949
5,25,False,0.6220600008964539,0.489300012588501,0.41766,0.4073,0.52012,0.4872,0.54948,0.4902,0.60194,0.4938,0.64512,0.4988,0.6471,0.4929
5,26,False,0.6315199732780457,0.4957999885082245,0.41792,0.4062,0.5183,0.4819,0.54998,0.4942,0.60344,0.4911,0.65252,0.497,0.6564,0.4955
5,27,False,0.6400399804115295,0.47679999470710754,0.41694,0.4076,0.51738,0.4779,0.54712,0.4867,0.59778,0.4862,0.639,0.4865,0.63984,0.4879
5,28,False,0.6471999883651733,0.48429998755455017,0.41658,0.4057,0.51758,0.4856,0.5549,0.4896,0.611,0.4884,0.6636,0.4912,0.67124,0.4911
5,29,False,0.6545799970626831,0.48559999465942383,0.41876,0.4073,0.51924,0.4861,0.55292,0.49,0.6188,0.4942,0.67366,0.4909,0.68354,0.4878
5,30,False,0.661899983882904,0.4839000105857849,0.41666,0.4081,0.5186,0.4837,0.5532,0.4899,0.61278,0.4936,0.66648,0.4936,0.67372,0.4833
5,31,False,0.6706799864768982,0.4794999957084656,0.41608,0.4069,0.51782,0.4839,0.55116,0.4872,0.6123,0.4863,0.66836,0.4869,0.67968,0.4826
5,32,False,0.6802399754524231,0.47589999437332153,0.41626,0.4065,0.51856,0.4816,0.55288,0.488,0.6158,0.4874,0.67208,0.4846,0.67914,0.479
5,33,False,0.6809599995613098,0.4765999913215637,0.41716,0.406,0.51698,0.4834,0.55246,0.4881,0.61254,0.4859,0.67234,0.4862,0.68096,0.4797
5,34,False,0.6935799717903137,0.46540001034736633,0.41674,0.407,0.51674,0.4805,0.54814,0.4831,0.61006,0.4911,0.66596,0.4837,0.67042,0.4755
5,35,False,0.6996200084686279,0.47279998660087585,0.41722,0.4076,0.51746,0.4811,0.55382,0.4805,0.61766,0.4835,0.6804,0.4789,0.6911,0.4755
5,36,False,0.7053800225257874,0.4747999906539917,0.41682,0.4076,0.51828,0.4841,0.55616,0.4866,0.62802,0.4867,0.69872,0.4854,0.71466,0.4757
5,37,False,0.716480016708374,0.4650999903678894,0.41658,0.4069,0.51812,0.4846,0.5548,0.4864,0.61926,0.4839,0.68112,0.489,0.69198,0.4789
5,38,False,0.7221400141716003,0.47350001335144043,0.41612,0.4064,0.51782,0.4841,0.56094,0.4851,0.63352,0.4846,0.71166,0.4828,0.72936,0.476
5,39,False,0.7278000116348267,0.47440001368522644,0.41612,0.4068,0.52062,0.4854,0.55706,0.4833,0.63116,0.4817,0.70842,0.486,0.72456,0.4787
5,40,False,0.7355599999427795,0.4636000096797943,0.41712,0.4079,0.5171,0.4841,0.54942,0.4807,0.61124,0.4814,0.6731,0.4716,0.68216,0.4679
5,41,False,0.7376000285148621,0.4672999978065491,0.41602,0.4058,0.51782,0.4815,0.55254,0.4837,0.62064,0.4869,0.68912,0.4788,0.70052,0.47
5,42,False,0.7459800243377686,0.46230000257492065,0.416,0.4056,0.51858,0.485,0.55678,0.489,0.63336,0.4883,0.7149,0.4825,0.73676,0.4703
5,43,False,0.7488399744033813,0.46000000834465027,0.41694,0.4074,0.51684,0.4835,0.5557,0.4812,0.63234,0.4841,0.71534,0.4798,0.73656,0.4703
5,44,False,0.7559199929237366,0.4691999852657318,0.41658,0.4071,0.5187,0.4829,0.5573,0.4857,0.63506,0.4892,0.72248,0.4825,0.74746,0.4775
5,45,False,0.7611200213432312,0.4691999852657318,0.41698,0.408,0.51826,0.4825,0.55552,0.4865,0.63418,0.4881,0.71636,0.4823,0.74058,0.4729
5,46,False,0.7660999894142151,0.4625000059604645,0.4175,0.407,0.51838,0.4829,0.55346,0.4816,0.62766,0.4811,0.71064,0.4775,0.73254,0.4705
5,47,False,0.7635599970817566,0.4616999924182892,0.4155,0.4073,0.51748,0.4849,0.55514,0.4822,0.6287,0.4811,0.7126,0.4816,0.73536,0.4673
5,48,False,0.7743800282478333,0.4607999920845032,0.41584,0.4074,0.51864,0.4841,0.55506,0.4822,0.63442,0.4818,0.7246,0.4809,0.75128,0.4688
5,49,False,0.7757599949836731,0.4596000015735626,0.4172,0.4065,0.51744,0.4836,0.55268,0.4838,0.6325,0.4826,0.72034,0.4806,0.74466,0.4679
5,50,False,0.7843400239944458,0.4641999900341034,0.41586,0.4057,0.51872,0.483,0.5568,0.4813,0.64022,0.4797,0.73416,0.4777,0.76458,0.4706
5,51,False,0.785099983215332,0.46650001406669617,0.41572,0.4066,0.51764,0.4826,0.55702,0.4849,0.63642,0.4812,0.73228,0.4775,0.76584,0.4692
5,52,False,0.7915800213813782,0.450300008058548,0.41696,0.4051,0.51826,0.4845,0.55622,0.4792,0.63184,0.4785,0.71918,0.4736,0.7428,0.4571
5,53,False,0.7905799746513367,0.45910000801086426,0.41534,0.404,0.518,0.4822,0.55374,0.4853,0.63662,0.4828,0.7322,0.4746,0.7571,0.463
5,54,False,0.7963200211524963,0.4546000063419342,0.41602,0.4065,0.51834,0.482,0.55522,0.482,0.6394,0.4814,0.73734,0.4725,0.77078,0.4596
5,55,False,0.8014000058174133,0.4553000032901764,0.4175,0.4084,0.51784,0.4838,0.55632,0.4828,0.64092,0.4812,0.73814,0.4757,0.77372,0.4616
5,56,False,0.8061800003051758,0.4645000100135803,0.41628,0.408,0.52,0.4854,0.55736,0.4847,0.6419,0.4851,0.74146,0.4799,0.77706,0.4639
5,57,False,0.8079800009727478,0.45509999990463257,0.41646,0.4054,0.51992,0.483,0.5579,0.4787,0.63882,0.4819,0.73064,0.4782,0.75936,0.4616
5,58,False,0.8107200264930725,0.4553000032901764,0.41666,0.4071,0.51882,0.4835,0.55886,0.4827,0.6424,0.4839,0.74576,0.4751,0.782,0.4648
5,59,False,0.8174800276756287,0.4487000107765198,0.41594,0.4073,0.51772,0.4844,0.5558,0.4794,0.64092,0.481,0.74136,0.4722,0.77692,0.456
5,60,False,0.8133999705314636,0.4544000029563904,0.41608,0.4057,0.51848,0.4813,0.5563,0.4868,0.6383,0.4814,0.74,0.4742,0.77814,0.4554
5,61,False,0.8180599808692932,0.45260000228881836,0.41586,0.4083,0.51812,0.4839,0.56062,0.4843,0.63716,0.4817,0.73654,0.4739,0.77098,0.4572
5,62,False,0.8252000212669373,0.46230000257492065,0.41624,0.4081,0.51824,0.4832,0.56064,0.4827,0.6468,0.482,0.75914,0.4767,0.80462,0.4631
5,63,False,0.8214399814605713,0.45739999413490295,0.4168,0.4071,0.518,0.4841,0.55872,0.4865,0.64332,0.4805,0.75316,0.4722,0.80114,0.4624
5,64,False,0.8254600167274475,0.46160000562667847,0.4173,0.4065,0.51832,0.4839,0.55772,0.484,0.64754,0.4839,0.76058,0.4789,0.80964,0.4644
5,65,False,0.8308600187301636,0.45419999957084656,0.41644,0.4064,0.51678,0.4824,0.55538,0.4867,0.63042,0.4792,0.72922,0.4735,0.76278,0.4567
5,66,False,0.828980028629303,0.4505000114440918,0.41646,0.4086,0.51808,0.4857,0.55628,0.4819,0.64308,0.4815,0.75404,0.4731,0.79788,0.4607
5,67,False,0.8335800170898438,0.4580000042915344,0.41612,0.4079,0.51864,0.4843,0.55944,0.4807,0.64138,0.4794,0.74894,0.4759,0.79274,0.4634
5,68,False,0.8394799828529358,0.4625000059604645,0.41614,0.4063,0.51936,0.4855,0.55766,0.4816,0.64352,0.4865,0.74958,0.4802,0.79698,0.4674
5,69,False,0.8380399942398071,0.45649999380111694,0.41634,0.4066,0.5194,0.4832,0.55958,0.4832,0.64878,0.4796,0.76162,0.4696,0.8103,0.4571
5,70,False,0.8402400016784668,0.4544000029563904,0.41584,0.4075,0.51978,0.486,0.55974,0.4838,0.6472,0.4799,0.75936,0.4731,0.80594,0.4602
5,71,False,0.8462600111961365,0.45489999651908875,0.41596,0.4071,0.51804,0.484,0.5591,0.4815,0.65018,0.4754,0.77048,0.4739,0.82456,0.461
5,72,False,0.8438799977302551,0.4542999863624573,0.41542,0.4084,0.51858,0.4881,0.55532,0.4825,0.63934,0.4813,0.74982,0.4784,0.79486,0.4599
5,73,False,0.8501999974250793,0.45320001244544983,0.4164,0.4083,0.5186,0.4826,0.55862,0.4821,0.64576,0.4773,0.76294,0.473,0.8148,0.4551
5,74,False,0.8484600186347961,0.44749999046325684,0.41636,0.4066,0.51888,0.4808,0.55918,0.4814,0.64374,0.4814,0.75576,0.4695,0.80346,0.4562
5,75,False,0.8472999930381775,0.44760000705718994,0.41536,0.4069,0.5204,0.4849,0.56306,0.4841,0.64958,0.4791,0.76956,0.473,0.82094,0.4593
5,76,False,0.8538600206375122,0.4465999901294708,0.41628,0.4076,0.52022,0.4849,0.5595,0.4826,0.64636,0.4802,0.76836,0.4733,0.81912,0.4624
5,77,False,0.8567399978637695,0.45100000500679016,0.41508,0.4073,0.51762,0.4852,0.55804,0.483,0.6465,0.4829,0.76546,0.4707,0.8175,0.4571
5,78,False,0.8540199995040894,0.4490000009536743,0.41546,0.4067,0.5161,0.4825,0.55544,0.483,0.6361,0.4773,0.74162,0.4733,0.78456,0.4538
5,79,False,0.8576800227165222,0.45590001344680786,0.41596,0.4087,0.51782,0.482,0.55746,0.4809,0.64788,0.479,0.77164,0.4751,0.82222,0.4611
5,80,False,0.8554199934005737,0.45190000534057617,0.41458,0.4041,0.51744,0.486,0.55962,0.4819,0.648,0.4795,0.76622,0.4747,0.81316,0.4564
5,81,False,0.8622000217437744,0.45320001244544983,0.41534,0.4074,0.51804,0.485,0.55984,0.4828,0.64888,0.4812,0.76746,0.4761,0.82238,0.4562
5,82,False,0.8631600141525269,0.4537999927997589,0.41524,0.4081,0.51864,0.4829,0.5601,0.4802,0.65044,0.4822,0.7729,0.4748,0.82814,0.455
5,83,False,0.869159996509552,0.45890000462532043,0.41622,0.4075,0.51874,0.4835,0.55794,0.4803,0.64422,0.4844,0.75864,0.4756,0.80758,0.4611
5,84,False,0.8612200021743774,0.45669999718666077,0.41744,0.4054,0.51782,0.4821,0.55898,0.4809,0.64546,0.4812,0.7643,0.4723,0.8181,0.4567
5,85,False,0.8722000122070312,0.45100000500679016,0.41534,0.4061,0.51764,0.4823,0.56044,0.4824,0.64648,0.4764,0.76328,0.4731,0.8163,0.4569
5,86,False,0.863860011100769,0.4530999958515167,0.41618,0.4063,0.51764,0.4856,0.56096,0.4842,0.65316,0.4797,0.78688,0.4739,0.84642,0.4548
5,87,False,0.8719000220298767,0.45399999618530273,0.41594,0.4061,0.51644,0.4802,0.56128,0.4819,0.65076,0.4803,0.77502,0.4698,0.83006,0.4591
5,88,False,0.8669000267982483,0.4526999890804291,0.41486,0.4046,0.51724,0.48,0.55712,0.4801,0.64714,0.479,0.76544,0.4735,0.81968,0.4574
5,89,False,0.8687199950218201,0.44429999589920044,0.41518,0.4062,0.5167,0.4824,0.5579,0.4792,0.6401,0.478,0.75544,0.4731,0.8122,0.4512
5,90,False,0.8776400089263916,0.45339998602867126,0.41628,0.4078,0.51894,0.484,0.55958,0.4799,0.65152,0.4758,0.78014,0.4717,0.8475,0.4562
5,91,False,0.8779600262641907,0.459199994802475,0.41534,0.4059,0.51894,0.4831,0.56128,0.4818,0.65248,0.474,0.7865,0.475,0.84644,0.4549
5,92,False,0.8716599941253662,0.45100000500679016,0.41578,0.4057,0.51688,0.4819,0.5591,0.4839,0.65,0.4796,0.77774,0.4724,0.83924,0.4552
5,93,False,0.8733999729156494,0.45879998803138733,0.41518,0.4088,0.51936,0.4845,0.55918,0.4805,0.65286,0.4803,0.78318,0.4774,0.84942,0.4567
5,94,False,0.8766199946403503,0.45159998536109924,0.41536,0.4069,0.51946,0.4844,0.55986,0.4814,0.65576,0.4747,0.7847,0.4676,0.85214,0.4558
5,95,False,0.8809199929237366,0.45100000500679016,0.41472,0.4068,0.51804,0.4788,0.56232,0.482,0.65862,0.4781,0.7925,0.4709,0.85864,0.4496
5,96,False,0.870639979839325,0.45179998874664307,0.41526,0.4073,0.51866,0.4856,0.5614,0.4823,0.6528,0.4808,0.78098,0.4719,0.84514,0.4493
5,97,False,0.8827400207519531,0.45509999990463257,0.41572,0.4074,0.51824,0.4802,0.56246,0.4813,0.64816,0.4779,0.7729,0.4732,0.83828,0.4579
5,98,False,0.8796799778938293,0.45179998874664307,0.41624,0.4076,0.5169,0.4834,0.56006,0.4785,0.6551,0.481,0.78902,0.4661,0.85472,0.4506
5,99,False,0.8796200156211853,0.44859999418258667,0.41602,0.4067,0.51832,0.4836,0.5615,0.4817,0.65766,0.4796,0.79498,0.4739,0.86372,0.4497
5,100,False,0.8892800211906433,0.45730000734329224,0.41548,0.4077,0.51854,0.4843,0.5614,0.4823,0.64766,0.4785,0.77284,0.4751,0.83334,0.4544
6,0,False,0.09548000246286392,0.09440000355243683,0.3948,0.3872,0.42072,0.4075,0.37936,0.3752,0.36842,0.3659,0.38426,0.37,0.35164,0.3465
6,1,False,0.2953599989414215,0.3253999948501587,0.37696,0.3774,0.43146,0.4212,0.40492,0.4017,0.4051,0.3989,0.412,0.4057,0.39312,0.3872
6,2,False,0.3665199875831604,0.4009000062942505,0.39466,0.3945,0.45168,0.4408,0.4289,0.422,0.43346,0.426,0.43908,0.4306,0.42588,0.4204
6,3,False,0.4014799892902374,0.3993000090122223,0.4071,0.4026,0.46814,0.4579,0.4466,0.4427,0.44758,0.4419,0.45604,0.4489,0.44174,0.4399
6,4,False,0.42570000886917114,0.42399999499320984,0.41564,0.4132,0.4829,0.4678,0.46958,0.4585,0.47178,0.4629,0.48216,0.4673,0.46774,0.4649
6,5,False,0.4467200040817261,0.44760000705718994,0.42248,0.4159,0.49004,0.4715,0.47904,0.4652,0.4884,0.4705,0.49554,0.4739,0.48668,0.464
6,6,False,0.4604400098323822,0.4672999978065491,0.42212,0.4146,0.49396,0.4734,0.49286,0.4735,0.49948,0.475,0.5089,0.4827,0.5002,0.479
6,7,False,0.4733400046825409,0.45500001311302185,0.42502,0.4184,0.50378,0.4805,0.50144,0.4799,0.50782,0.4836,0.51698,0.4887,0.50658,0.485
6,8,False,0.48399999737739563,0.47269999980926514,0.42628,0.4178,0.5059,0.4812,0.50618,0.4836,0.51746,0.4869,0.52696,0.49,0.51966,0.4895
6,9,False,0.4963800013065338,0.4674000144004822,0.42684,0.4175,0.50796,0.4824,0.50872,0.4761,0.51566,0.4847,0.5267,0.489,0.51806,0.4852
6,10,False,0.5017799735069275,0.4837000072002411,0.42752,0.4203,0.51382,0.487,0.52242,0.4868,0.5351,0.491,0.54876,0.4976,0.54068,0.4893
6,11,False,0.5129799842834473,0.47999998927116394,0.42882,0.4206,0.51572,0.4854,0.52466,0.4883,0.53828,0.4903,0.5498,0.4969,0.54186,0.4938
6,12,False,0.520359992980957,0.49140000343322754,0.42966,0.4228,0.51986,0.4872,0.53016,0.4887,0.54854,0.4971,0.56194,0.5036,0.55602,0.5043
6,13,False,0.5289599895477295,0.4878000020980835,0.43022,0.4157,0.5226,0.4862,0.53378,0.4924,0.55214,0.5012,0.56642,0.5013,0.55688,0.497
6,14,False,0.5376600027084351,0.4767000079154968,0.43166,0.4204,0.52202,0.4869,0.53546,0.4875,0.55304,0.4945,0.56604,0.4966,0.55936,0.4952
6,15,False,0.5460600256919861,0.4790000021457672,0.42904,0.4147,0.52296,0.4859,0.53536,0.4833,0.55344,0.4895,0.56832,0.5005,0.56066,0.4951
6,16,False,0.5546799898147583,0.4740000069141388,0.42878,0.4163,0.52406,0.4903,0.5384,0.4875,0.56572,0.4914,0.58386,0.5005,0.57762,0.496
6,17,False,0.5606399774551392,0.48649999499320984,0.4318,0.4201,0.52594,0.4916,0.5486,0.493,0.5749,0.4988,0.5921,0.5023,0.5861,0.5003
6,18,False,0.5680800080299377,0.492000013589859,0.42916,0.4177,0.52534,0.4884,0.55036,0.4972,0.57698,0.4996,0.6021,0.5071,0.59472,0.5039
6,19,False,0.5763000249862671,0.490200012922287,0.4286,0.4223,0.52928,0.4877,0.55812,0.4955,0.59184,0.4968,0.61698,0.4987,0.6115,0.4981
6,20,False,0.5854600071907043,0.4921000003814697,0.42762,0.4182,0.5283,0.4881,0.56004,0.4934,0.59406,0.4967,0.61584,0.4992,0.61398,0.4943
6,21,False,0.5925400257110596,0.490200012922287,0.42924,0.4174,0.5281,0.4889,0.55582,0.4919,0.5903,0.4937,0.61456,0.4956,0.60894,0.497
6,22,False,0.6042799949645996,0.4853000044822693,0.43046,0.4193,0.53234,0.4884,0.5642,0.4927,0.60686,0.5005,0.63558,0.4991,0.63042,0.4976
6,23,False,0.611020028591156,0.4860000014305115,0.4314,0.4182,0.53018,0.4924,0.56634,0.4912,0.61124,0.4962,0.6428,0.4965,0.63866,0.4958
6,24,False,0.6198400259017944,0.489300012588501,0.43124,0.42,0.53126,0.4869,0.567,0.4899,0.61134,0.4928,0.64326,0.496,0.64234,0.4924
6,25,False,0.6262999773025513,0.4823000133037567,0.42788,0.4186,0.53078,0.4881,0.56484,0.4864,0.60716,0.4877,0.64468,0.4915,0.6432,0.4838
6,26,False,0.6362199783325195,0.48350000381469727,0.43226,0.4201,0.53242,0.4885,0.57132,0.4904,0.61978,0.4901,0.65954,0.4953,0.6598,0.4869
6,27,False,0.6442000269889832,0.49149999022483826,0.42814,0.4171,0.53168,0.4901,0.57062,0.4887,0.62534,0.4957,0.66156,0.4986,0.66252,0.4913
6,28,False,0.6525400280952454,0.4867999851703644,0.42986,0.419,0.53162,0.4914,0.57304,0.4916,0.62588,0.4928,0.66692,0.4921,0.66882,0.4889
6,29,False,0.6607000231742859,0.48249998688697815,0.43202,0.4171,0.53468,0.4905,0.57348,0.4947,0.62962,0.4949,0.67464,0.494,0.67508,0.4874
6,30,False,0.6716399788856506,0.48919999599456787,0.43196,0.4192,0.53136,0.4909,0.57846,0.492,0.63986,0.4941,0.69122,0.4944,0.69704,0.4941
6,31,False,0.6761000156402588,0.4805000126361847,0.43112,0.4186,0.53304,0.4903,0.58064,0.4903,0.6446,0.4909,0.69494,0.4865,0.70286,0.4841
6,32,False,0.6853799819946289,0.48080000281333923,0.42954,0.4161,0.53268,0.4895,0.57636,0.4904,0.63542,0.4989,0.68562,0.4903,0.69334,0.4898
6,33,False,0.6922199726104736,0.48240000009536743,0.42934,0.4205,0.53308,0.4917,0.5817,0.4901,0.64162,0.4932,0.70202,0.4902,0.70868,0.4861
6,34,False,0.6993799805641174,0.49059998989105225,0.43034,0.4173,0.5323,0.4911,0.57834,0.4949,0.6356,0.4914,0.68912,0.4972,0.6959,0.4909
6,35,False,0.7027000188827515,0.4787999987602234,0.43148,0.4185,0.53276,0.4922,0.58314,0.4914,0.65124,0.4926,0.71078,0.4896,0.7205,0.4849
6,36,False,0.7103000283241272,0.47850000858306885,0.43128,0.4201,0.53332,0.489,0.57918,0.4942,0.6453,0.4908,0.7009,0.4915,0.71344,0.4849
6,37,False,0.7189199924468994,0.4767000079154968,0.4303,0.4185,0.53316,0.4866,0.58106,0.4906,0.64444,0.4919,0.70566,0.4884,0.71312,0.4834
6,38,False,0.7206400036811829,0.4799000024795532,0.4299,0.4184,0.53142,0.4884,0.58096,0.4902,0.654,0.4906,0.71876,0.4929,0.72874,0.4868
6,39,False,0.7285400032997131,0.4828999936580658,0.43018,0.4209,0.53366,0.4859,0.58296,0.4891,0.6556,0.492,0.7287,0.4922,0.7426,0.4898
6,40,False,0.7389799952507019,0.4797999858856201,0.43094,0.4201,0.53264,0.4888,0.58234,0.4889,0.65438,0.4917,0.71788,0.4927,0.73008,0.4868
6,41,False,0.7407600283622742,0.47839999198913574,0.4307,0.4218,0.53198,0.4907,0.58152,0.4907,0.65206,0.4918,0.71812,0.4889,0.7293,0.48
6,42,False,0.7503399848937988,0.46140000224113464,0.42936,0.4146,0.53418,0.4941,0.58332,0.4885,0.65502,0.4866,0.72378,0.4799,0.73464,0.4687
6,43,False,0.7500399947166443,0.4733999967575073,0.43006,0.4189,0.53248,0.4875,0.58172,0.4908,0.66122,0.4858,0.73612,0.4799,0.7535,0.4737
6,44,False,0.7603999972343445,0.4702000021934509,0.43026,0.4178,0.5327,0.4897,0.5839,0.4903,0.6612,0.4827,0.741,0.4745,0.75826,0.4728
6,45,False,0.7616400122642517,0.4763000011444092,0.4299,0.418,0.53426,0.4896,0.58796,0.4948,0.66786,0.4911,0.74788,0.4893,0.76628,0.4755
6,46,False,0.7650600075721741,0.46650001406669617,0.43002,0.4179,0.5343,0.4899,0.58248,0.4907,0.66132,0.4914,0.7373,0.4782,0.75582,0.4747
6,47,False,0.7727400064468384,0.4645000100135803,0.42842,0.4187,0.53384,0.4895,0.58738,0.4921,0.67042,0.4883,0.7568,0.4785,0.77712,0.4683
6,48,False,0.7791399955749512,0.4690000116825104,0.42922,0.4177,0.53306,0.4899,0.58714,0.4911,0.66382,0.4935,0.74348,0.4846,0.76254,0.4734
6,49,False,0.7827600240707397,0.4742000102996826,0.43014,0.4171,0.53348,0.4897,0.58754,0.493,0.67512,0.4911,0.7614,0.4848,0.78526,0.4749
6,50,False,0.7851399779319763,0.46380001306533813,0.42914,0.4196,0.53306,0.489,0.58298,0.4871,0.66054,0.4872,0.74164,0.4767,0.75928,0.4631
6,51,False,0.7876999974250793,0.4731000065803528,0.42998,0.4192,0.53176,0.489,0.5845,0.4924,0.6659,0.493,0.75346,0.4849,0.77266,0.4774
6,52,False,0.7939000129699707,0.4700999855995178,0.42822,0.4164,0.53218,0.4894,0.58284,0.4893,0.66238,0.4886,0.75024,0.4823,0.77036,0.4732
6,53,False,0.7944200038909912,0.4724999964237213,0.43012,0.4164,0.5334,0.4918,0.58758,0.4915,0.67458,0.4931,0.76746,0.4774,0.79128,0.47
6,54,False,0.802839994430542,0.4683000147342682,0.42854,0.4161,0.53242,0.4882,0.5851,0.4872,0.6666,0.4865,0.7579,0.4768,0.77862,0.4666
6,55,False,0.8082000017166138,0.4661000072956085,0.43014,0.4196,0.53274,0.4898,0.587,0.4884,0.67096,0.4876,0.76596,0.479,0.78906,0.4648
6,56,False,0.8006799817085266,0.46880000829696655,0.42906,0.414,0.53164,0.4904,0.58896,0.4871,0.67454,0.489,0.77168,0.4801,0.7996,0.4698
6,57,False,0.8156599998474121,0.47200000286102295,0.4295,0.4193,0.53316,0.4906,0.58784,0.4883,0.67308,0.4944,0.77192,0.4798,0.8016,0.4691
6,58,False,0.8076599836349487,0.46380001306533813,0.42804,0.4179,0.53098,0.4883,0.58398,0.4867,0.66494,0.4843,0.75744,0.4768,0.77902,0.4648
6,59,False,0.8189399838447571,0.45980000495910645,0.42992,0.4192,0.5347,0.489,0.58694,0.4867,0.6725,0.4896,0.77404,0.4773,0.79812,0.4598
6,60,False,0.8192600011825562,0.4700999855995178,0.42918,0.4182,0.5354,0.49,0.58812,0.4953,0.67066,0.4886,0.76932,0.4811,0.79898,0.4658
6,61,False,0.82669997215271,0.46050000190734863,0.43026,0.4187,0.532,0.4861,0.58698,0.4849,0.66922,0.4864,0.76724,0.4813,0.78978,0.4665
6,62,False,0.8248599767684937,0.4690999984741211,0.42972,0.4176,0.53402,0.4898,0.5908,0.4894,0.67928,0.491,0.78534,0.4796,0.81484,0.4696
6,63,False,0.8278800249099731,0.47029998898506165,0.42946,0.4184,0.53416,0.4927,0.59096,0.4921,0.67574,0.4891,0.7825,0.4829,0.81192,0.4724
6,64,False,0.8300399780273438,0.46619999408721924,0.42766,0.4166,0.53164,0.493,0.58406,0.4894,0.66462,0.4817,0.76314,0.4805,0.78756,0.4657
6,65,False,0.8281999826431274,0.4602000117301941,0.42864,0.419,0.53154,0.4891,0.58458,0.4848,0.66872,0.49,0.76296,0.474,0.78892,0.4598
6,66,False,0.8341400027275085,0.46549999713897705,0.42934,0.4166,0.53294,0.488,0.58944,0.4943,0.67146,0.487,0.77414,0.4818,0.80046,0.4659
6,67,False,0.8377400040626526,0.4659000039100647,0.42762,0.4166,0.53064,0.4909,0.5896,0.4899,0.68528,0.4836,0.79444,0.4754,0.82854,0.4609
6,68,False,0.8383600115776062,0.46959999203681946,0.42988,0.4185,0.5343,0.4894,0.59468,0.4948,0.68782,0.49,0.80006,0.4774,0.84028,0.468
6,69,False,0.8408200144767761,0.4607999920845032,0.42838,0.4164,0.53302,0.4871,0.58678,0.4849,0.67884,0.481,0.78138,0.4718,0.8116,0.4562
6,70,False,0.8441799879074097,0.4650000035762787,0.4283,0.4185,0.53338,0.4899,0.58852,0.4896,0.67834,0.4858,0.78752,0.4768,0.818,0.4616
6,71,False,0.8428800106048584,0.46160000562667847,0.42854,0.4183,0.53434,0.4888,0.59118,0.4919,0.684,0.4879,0.80554,0.4718,0.84258,0.4589
6,72,False,0.8530799746513367,0.4593999981880188,0.4279,0.4193,0.5326,0.4901,0.58776,0.4907,0.6733,0.4842,0.77754,0.4767,0.8094,0.4643
6,73,False,0.8525199890136719,0.46369999647140503,0.42908,0.419,0.53324,0.4882,0.58868,0.4902,0.67504,0.4831,0.7801,0.4712,0.81314,0.4638
6,74,False,0.8547199964523315,0.4595000147819519,0.42882,0.4162,0.53306,0.4911,0.5838,0.487,0.67182,0.4847,0.77818,0.4741,0.81338,0.4633
6,75,False,0.8538399934768677,0.4699999988079071,0.42796,0.4148,0.53112,0.4871,0.58832,0.4884,0.67916,0.487,0.79002,0.4822,0.82976,0.4619
6,76,False,0.8623600006103516,0.4564000070095062,0.42786,0.4174,0.53102,0.4892,0.58802,0.4863,0.68056,0.4891,0.79324,0.4764,0.8302,0.4559
6,77,False,0.852400004863739,0.45410001277923584,0.4285,0.417,0.53194,0.4907,0.58808,0.484,0.67574,0.4862,0.78602,0.4729,0.8184,0.4569
6,78,False,0.8543999791145325,0.46380001306533813,0.42718,0.4182,0.53094,0.4886,0.58648,0.4868,0.68076,0.4827,0.7919,0.4745,0.82626,0.4618
6,79,False,0.8593000173568726,0.46050000190734863,0.4303,0.4188,0.53342,0.4874,0.58502,0.4858,0.67292,0.4831,0.78728,0.4751,0.81866,0.4588
6,80,False,0.8628000020980835,0.461899995803833,0.42824,0.4183,0.53244,0.4892,0.5868,0.4889,0.6753,0.4874,0.79078,0.4742,0.82892,0.4592
6,81,False,0.861519992351532,0.45680001378059387,0.42688,0.4198,0.5326,0.4884,0.59104,0.4914,0.6876,0.4852,0.8043,0.4739,0.84442,0.4546
6,82,False,0.8602799773216248,0.4603999853134155,0.42762,0.419,0.53184,0.4867,0.58826,0.4869,0.67856,0.4903,0.79452,0.4795,0.83608,0.4637
6,83,False,0.8772000074386597,0.46149998903274536,0.4282,0.4202,0.5319,0.4886,0.59288,0.4905,0.69056,0.4861,0.81506,0.4742,0.86226,0.46
6,84,False,0.8611800074577332,0.4584999978542328,0.4288,0.4162,0.53174,0.488,0.5866,0.4836,0.67698,0.4801,0.78904,0.4771,0.82344,0.4568
6,85,False,0.8715999722480774,0.46779999136924744,0.42836,0.4215,0.53288,0.4909,0.58948,0.4894,0.68484,0.491,0.8055,0.4803,0.85116,0.46
6,86,False,0.8716400265693665,0.46560001373291016,0.42774,0.4186,0.53302,0.4891,0.59012,0.4879,0.68348,0.4875,0.80216,0.4791,0.8421,0.4607
6,87,False,0.8663600087165833,0.46799999475479126,0.42724,0.4187,0.5326,0.4887,0.58814,0.4856,0.68686,0.4837,0.8094,0.4773,0.85244,0.4605
6,88,False,0.8765599727630615,0.4643999934196472,0.42746,0.4177,0.53224,0.4853,0.58606,0.4867,0.67952,0.4865,0.7955,0.4804,0.83386,0.4612
6,89,False,0.8745599985122681,0.46050000190734863,0.42706,0.419,0.53162,0.4891,0.5928,0.4853,0.68806,0.4844,0.81628,0.4734,0.86518,0.4546
6,90,False,0.8848000168800354,0.46070000529289246,0.42886,0.4191,0.53226,0.4883,0.58904,0.4859,0.68822,0.4836,0.8118,0.471,0.85816,0.4575
6,91,False,0.8777199983596802,0.45910000801086426,0.42654,0.4183,0.5317,0.4877,0.58696,0.4835,0.68074,0.4779,0.80786,0.4715,0.85018,0.4597
6,92,False,0.879040002822876,0.46209999918937683,0.42792,0.4204,0.53384,0.4872,0.59086,0.4883,0.68702,0.4833,0.8128,0.4755,0.85698,0.46
6,93,False,0.8780199885368347,0.453900009393692,0.42824,0.4194,0.53292,0.4889,0.58808,0.489,0.6827,0.4832,0.8052,0.4764,0.84378,0.4578
6,94,False,0.8748400211334229,0.46209999918937683,0.42824,0.4187,0.53138,0.4867,0.5921,0.4894,0.6896,0.4849,0.8186,0.4732,0.86608,0.46
6,95,False,0.8860200047492981,0.46000000834465027,0.42676,0.4174,0.53218,0.4852,0.59282,0.4876,0.68744,0.4862,0.81136,0.4768,0.85564,0.4564
6,96,False,0.8838800191879272,0.45969998836517334,0.4277,0.4169,0.53286,0.4867,0.592,0.4853,0.68924,0.4847,0.82502,0.4751,0.87116,0.4554
6,97,False,0.8761000037193298,0.46070000529289246,0.42798,0.4172,0.5324,0.4872,0.59316,0.4846,0.68832,0.4844,0.82226,0.4723,0.8707,0.4601
6,98,False,0.888159990310669,0.45669999718666077,0.4264,0.4154,0.52956,0.4865,0.58598,0.4828,0.67324,0.4782,0.79276,0.4689,0.83094,0.4525
6,99,False,0.8773999810218811,0.4596000015735626,0.42932,0.4203,0.53152,0.4868,0.5881,0.4888,0.68326,0.4809,0.81348,0.4758,0.8603,0.4589
6,100,False,0.8887199759483337,0.462799996137619,0.4295,0.4187,0.53396,0.4901,0.59088,0.4882,0.68708,0.4831,0.8183,0.4765,0.86252,0.455
7,0,False,0.0957999974489212,0.09369999915361404,0.398,0.3842,0.42314,0.413,0.38086,0.376,0.366,0.3605,0.3798,0.3679,0.34784,0.3411
7,1,False,0.2955999970436096,0.3603000044822693,0.35822,0.3572,0.42288,0.4155,0.3921,0.3947,0.39594,0.3956,0.40492,0.3973,0.38486,0.3859
7,2,False,0.3690199851989746,0.3952000141143799,0.39066,0.3876,0.44944,0.4381,0.4278,0.4268,0.42998,0.4292,0.43988,0.4337,0.42644,0.4258
7,3,False,0.4009000062942505,0.40459999442100525,0.39936,0.3998,0.46708,0.4541,0.44508,0.4415,0.4498,0.4463,0.45908,0.4505,0.44702,0.4449
7,4,False,0.42291998863220215,0.42579999566078186,0.4056,0.404,0.47536,0.4573,0.46306,0.4504,0.46776,0.4503,0.47572,0.4571,0.46572,0.4518
7,5,False,0.4433000087738037,0.4620000123977661,0.41058,0.4111,0.48544,0.4666,0.47944,0.4672,0.48648,0.4725,0.49404,0.4747,0.48636,0.474
7,6,False,0.45405998826026917,0.45739999413490295,0.41388,0.4126,0.49142,0.4738,0.48208,0.4679,0.49462,0.4742,0.50346,0.4779,0.4935,0.4765
7,7,False,0.46761998534202576,0.4553000032901764,0.41608,0.4134,0.49084,0.4721,0.48842,0.4655,0.49982,0.4778,0.50932,0.4789,0.4997,0.4787
7,8,False,0.4733799993991852,0.44040000438690186,0.41476,0.4113,0.49748,0.4766,0.48964,0.4686,0.50006,0.4747,0.5121,0.4817,0.50136,0.4772
7,9,False,0.484360009431839,0.47859999537467957,0.4168,0.4147,0.50218,0.4816,0.50206,0.4777,0.51632,0.4862,0.52896,0.491,0.52064,0.4879
7,10,False,0.4918000102043152,0.47850000858306885,0.41572,0.412,0.5054,0.4848,0.50486,0.478,0.51994,0.4878,0.5326,0.4923,0.52542,0.4891
7,11,False,0.5003799796104431,0.47749999165534973,0.41656,0.4126,0.5078,0.484,0.5076,0.4786,0.5225,0.4823,0.5387,0.4955,0.53204,0.489
7,12,False,0.5095400214195251,0.4821000099182129,0.4197,0.4159,0.51226,0.4908,0.51922,0.4838,0.54204,0.4919,0.55436,0.4984,0.55006,0.4937
7,13,False,0.5173599720001221,0.486299991607666,0.41768,0.4104,0.51334,0.4874,0.52022,0.4858,0.54204,0.4942,0.55886,0.5003,0.55376,0.4961
7,14,False,0.5244200229644775,0.48539999127388,0.41812,0.4119,0.5153,0.4897,0.52432,0.4881,0.54936,0.4982,0.564,0.4966,0.55828,0.498
7,15,False,0.5335400104522705,0.47380000352859497,0.4191,0.4122,0.5121,0.4854,0.52024,0.4841,0.54188,0.4898,0.55816,0.4963,0.54788,0.4908
7,16,False,0.5393999814987183,0.47749999165534973,0.418,0.412,0.51664,0.4903,0.52758,0.4872,0.55592,0.4909,0.57454,0.4956,0.56704,0.4909
7,17,False,0.5508599877357483,0.4805000126361847,0.41772,0.4117,0.51652,0.4874,0.53592,0.4879,0.5675,0.4923,0.58846,0.4929,0.58348,0.4933
7,18,False,0.5578200221061707,0.4894999861717224,0.41736,0.4098,0.51812,0.4905,0.5367,0.4872,0.56954,0.4941,0.5937,0.4968,0.58928,0.4946
7,19,False,0.5654399991035461,0.4812000095844269,0.41762,0.4109,0.5182,0.4928,0.53896,0.4871,0.56988,0.494,0.59564,0.4994,0.59344,0.4941
7,20,False,0.5737599730491638,0.4860999882221222,0.4167,0.412,0.51684,0.4883,0.5397,0.4855,0.575,0.4867,0.60274,0.4926,0.59866,0.4863
7,21,False,0.5796599984169006,0.484499990940094,0.41844,0.4149,0.51874,0.49,0.54282,0.4814,0.5811,0.4878,0.61334,0.4952,0.61284,0.492
7,22,False,0.585640013217926,0.4796000123023987,0.41768,0.412,0.51788,0.4885,0.54084,0.4888,0.58126,0.4922,0.61292,0.4938,0.61004,0.4864
7,23,False,0.5927600264549255,0.4900999963283539,0.41666,0.416,0.5178,0.4866,0.54274,0.4848,0.59126,0.4934,0.62764,0.497,0.62548,0.4949
7,24,False,0.6065000295639038,0.4821999967098236,0.41706,0.4127,0.52152,0.4904,0.54682,0.4859,0.5952,0.4888,0.63474,0.4933,0.63314,0.4864
7,25,False,0.6089199781417847,0.47620001435279846,0.42004,0.415,0.5215,0.4892,0.54836,0.4872,0.59342,0.486,0.63584,0.4885,0.6343,0.4856
7,26,False,0.6190000176429749,0.47929999232292175,0.41838,0.4136,0.52072,0.4918,0.54818,0.4871,0.59618,0.4874,0.64214,0.4949,0.64128,0.4895
7,27,False,0.6222599744796753,0.4832000136375427,0.41464,0.4108,0.51782,0.4895,0.54962,0.4796,0.59796,0.4855,0.64648,0.4885,0.64872,0.4843
7,28,False,0.6373199820518494,0.4724999964237213,0.41504,0.4103,0.51874,0.4891,0.54318,0.4868,0.5896,0.487,0.63272,0.4824,0.63276,0.4736
7,29,False,0.6429600119590759,0.4846000075340271,0.41842,0.4127,0.51944,0.491,0.54736,0.4866,0.60022,0.4903,0.65174,0.4856,0.65442,0.4858
7,30,False,0.650600016117096,0.46209999918937683,0.41956,0.4116,0.51932,0.4864,0.53928,0.4744,0.58394,0.4772,0.63016,0.4747,0.62972,0.4698
7,31,False,0.6592199802398682,0.4733000099658966,0.4177,0.4137,0.52036,0.4906,0.55622,0.4821,0.6118,0.4833,0.67532,0.4829,0.68178,0.4771
7,32,False,0.6679999828338623,0.47130000591278076,0.41564,0.4118,0.51894,0.4891,0.55252,0.4875,0.60664,0.4836,0.66424,0.4867,0.669,0.4793
7,33,False,0.6702399849891663,0.47839999198913574,0.41544,0.4144,0.52024,0.4892,0.55402,0.487,0.60966,0.4827,0.67954,0.484,0.6854,0.4811
7,34,False,0.6777600049972534,0.46480000019073486,0.41752,0.4111,0.51946,0.4896,0.5521,0.482,0.61256,0.4792,0.67708,0.4827,0.68504,0.4787
7,35,False,0.6864799857139587,0.47380000352859497,0.41484,0.4108,0.52026,0.4866,0.55486,0.483,0.61762,0.4812,0.69164,0.4793,0.70144,0.4717
7,36,False,0.6951000094413757,0.4675000011920929,0.4174,0.4119,0.5206,0.4875,0.5562,0.4827,0.62172,0.4837,0.69402,0.4824,0.70244,0.4743
7,37,False,0.6997399926185608,0.4681999981403351,0.41742,0.4118,0.52004,0.4885,0.55274,0.4877,0.61048,0.4842,0.67802,0.4779,0.68478,0.4794
7,38,False,0.7107800245285034,0.4657999873161316,0.41668,0.4124,0.51984,0.4899,0.55826,0.4879,0.61834,0.4875,0.69724,0.4816,0.70912,0.4721
7,39,False,0.7184600234031677,0.46619999408721924,0.41584,0.4094,0.51826,0.4872,0.55134,0.4791,0.61104,0.4833,0.67942,0.4786,0.69182,0.4737
7,40,False,0.7220799922943115,0.46209999918937683,0.41554,0.412,0.51982,0.4882,0.55628,0.4844,0.6284,0.4812,0.7109,0.479,0.7212,0.4702
7,41,False,0.7279800176620483,0.4611000120639801,0.41636,0.4124,0.5185,0.486,0.55398,0.4881,0.61788,0.4825,0.69638,0.4819,0.70938,0.4706
7,42,False,0.7361599802970886,0.45989999175071716,0.41506,0.41,0.51958,0.4911,0.55516,0.4855,0.61944,0.4817,0.70504,0.4832,0.72128,0.4652
7,43,False,0.7429599761962891,0.4636000096797943,0.41606,0.4112,0.52002,0.4882,0.55292,0.4844,0.62766,0.4809,0.71538,0.4763,0.7308,0.4628
7,44,False,0.7415800094604492,0.45509999990463257,0.417,0.4133,0.51902,0.4883,0.55038,0.4843,0.6128,0.4817,0.69764,0.4749,0.71394,0.4584
7,45,False,0.7490599751472473,0.45879998803138733,0.41664,0.4124,0.51746,0.487,0.55424,0.4824,0.62548,0.478,0.71846,0.4746,0.74126,0.4624
7,46,False,0.7559199929237366,0.4471000134944916,0.41502,0.4103,0.51698,0.4856,0.5491,0.4784,0.60772,0.4778,0.68898,0.4685,0.70364,0.4607
7,47,False,0.762440025806427,0.4634000062942505,0.416,0.412,0.52032,0.4917,0.55544,0.4797,0.62624,0.4804,0.7219,0.4752,0.74328,0.4688
7,48,False,0.7675600051879883,0.4546000063419342,0.41456,0.4097,0.51732,0.4872,0.55496,0.482,0.62236,0.4792,0.71276,0.4733,0.7362,0.4609
7,49,False,0.7741400003433228,0.4627000093460083,0.41502,0.4095,0.5186,0.4875,0.5528,0.4824,0.62632,0.4793,0.72782,0.4764,0.75468,0.4694
7,50,False,0.7753000259399414,0.44920000433921814,0.41494,0.4105,0.5165,0.487,0.54942,0.4829,0.61344,0.4832,0.69662,0.4763,0.71532,0.459
7,51,False,0.7750399708747864,0.45969998836517334,0.41568,0.4125,0.51828,0.4864,0.55838,0.4773,0.63196,0.4804,0.7347,0.4749,0.76176,0.4687
7,52,False,0.7816399931907654,0.4546999931335449,0.41542,0.4118,0.51848,0.4895,0.55704,0.4762,0.62866,0.4746,0.72464,0.4715,0.74946,0.4581
7,53,False,0.7810800075531006,0.4584999978542328,0.41676,0.4108,0.51736,0.4854,0.55212,0.4811,0.62292,0.4826,0.71688,0.4763,0.74056,0.4593
7,54,False,0.7942399978637695,0.4510999917984009,0.41442,0.4108,0.51796,0.4866,0.55232,0.4771,0.62918,0.4833,0.72554,0.4689,0.75658,0.4537
7,55,False,0.7925000190734863,0.45809999108314514,0.41594,0.4128,0.51816,0.4866,0.5532,0.4805,0.62624,0.481,0.7257,0.4759,0.7541,0.4604
7,56,False,0.7998600006103516,0.45750001072883606,0.41474,0.4085,0.52078,0.4843,0.55374,0.4812,0.63082,0.4851,0.73448,0.467,0.76838,0.4624
7,57,False,0.7971799969673157,0.448199987411499,0.41668,0.4106,0.51728,0.4845,0.5516,0.4803,0.62202,0.4796,0.71504,0.4712,0.73776,0.45
7,58,False,0.8018400073051453,0.4537999927997589,0.41444,0.4107,0.51864,0.4853,0.55632,0.4823,0.62762,0.4823,0.73832,0.4688,0.77258,0.4619
7,59,False,0.8035200238227844,0.45669999718666077,0.41486,0.4112,0.5197,0.4886,0.55794,0.487,0.63734,0.4822,0.75514,0.4739,0.79108,0.4583
7,60,False,0.8095999956130981,0.4499000012874603,0.41424,0.4105,0.51842,0.4826,0.55584,0.4832,0.63054,0.4776,0.74058,0.4671,0.77378,0.4549
7,61,False,0.8106200098991394,0.4569000005722046,0.41552,0.4099,0.51896,0.4859,0.55788,0.4813,0.63404,0.4778,0.74684,0.473,0.78314,0.4592
7,62,False,0.8182200193405151,0.45089998841285706,0.41558,0.4116,0.51922,0.4854,0.5542,0.4827,0.62894,0.4792,0.73868,0.4723,0.7668,0.4585
7,63,False,0.8124200105667114,0.454800009727478,0.41414,0.4106,0.5173,0.4864,0.5553,0.4835,0.63672,0.4769,0.7492,0.472,0.78348,0.4557
7,64,False,0.8227400183677673,0.451200008392334,0.41636,0.4105,0.51894,0.491,0.55458,0.4824,0.63422,0.4754,0.75092,0.4708,0.7874,0.4594
7,65,False,0.8235800266265869,0.4603999853134155,0.41576,0.4111,0.51856,0.4851,0.55894,0.485,0.63566,0.481,0.75348,0.4727,0.78818,0.4573
7,66,False,0.826479971408844,0.4494999945163727,0.41526,0.4115,0.51864,0.4855,0.55604,0.4826,0.6363,0.4784,0.75504,0.4682,0.79224,0.455
7,67,False,0.830020010471344,0.453900009393692,0.41342,0.4087,0.51772,0.4831,0.55446,0.4809,0.62364,0.478,0.73336,0.4741,0.76738,0.4621
7,68,False,0.8268600106239319,0.4609000086784363,0.41382,0.4084,0.5194,0.4856,0.5545,0.4812,0.63216,0.4801,0.74428,0.4723,0.78108,0.4613
7,69,False,0.8311399817466736,0.4537000060081482,0.4153,0.4117,0.51906,0.4857,0.5575,0.4832,0.63212,0.4794,0.75002,0.4721,0.7868,0.465
7,70,False,0.8357800245285034,0.45680001378059387,0.41464,0.4104,0.51908,0.4858,0.55278,0.481,0.6359,0.4814,0.7559,0.4727,0.79562,0.4608
7,71,False,0.834659993648529,0.4584999978542328,0.416,0.4095,0.51962,0.4881,0.55532,0.4835,0.63698,0.485,0.75824,0.4758,0.79524,0.4599
7,72,False,0.8402400016784668,0.4456000030040741,0.41352,0.4093,0.51844,0.485,0.55386,0.4798,0.62854,0.4827,0.73882,0.4797,0.77882,0.459
7,73,False,0.8450000286102295,0.44839999079704285,0.41322,0.4077,0.51856,0.4876,0.55402,0.4798,0.62956,0.4816,0.7463,0.4717,0.7879,0.4515
7,74,False,0.8430200219154358,0.4528999924659729,0.413,0.4088,0.51922,0.486,0.55224,0.482,0.63332,0.4813,0.75302,0.4718,0.79534,0.4563
7,75,False,0.8428999781608582,0.4472000002861023,0.4138,0.4086,0.52,0.4862,0.55598,0.4802,0.63058,0.4776,0.74748,0.4639,0.78498,0.4508
7,76,False,0.850600004196167,0.45680001378059387,0.41422,0.4093,0.51894,0.4875,0.55722,0.4826,0.63928,0.4808,0.76572,0.4688,0.81536,0.4583
7,77,False,0.8450999855995178,0.45339998602867126,0.41512,0.4106,0.51806,0.4877,0.55678,0.4789,0.63964,0.4759,0.76856,0.4729,0.81814,0.4581
7,78,False,0.8464000225067139,0.4578999876976013,0.41404,0.4098,0.51856,0.488,0.55584,0.4815,0.6382,0.4791,0.76638,0.4739,0.81754,0.4585
7,79,False,0.8474400043487549,0.4519999921321869,0.41482,0.4109,0.51932,0.4863,0.5568,0.4772,0.63756,0.4788,0.7607,0.4689,0.80766,0.4546
7,80,False,0.8519200086593628,0.45879998803138733,0.414,0.4101,0.51918,0.4825,0.5543,0.4786,0.63418,0.4798,0.75932,0.4738,0.80578,0.4559
7,81,False,0.854200005531311,0.4537000060081482,0.41578,0.4091,0.51844,0.4863,0.55688,0.4803,0.63366,0.4799,0.7601,0.4705,0.80302,0.4583
7,82,False,0.857420027256012,0.44780001044273376,0.41336,0.4081,0.51748,0.4873,0.55794,0.4816,0.63574,0.4844,0.7646,0.4697,0.81494,0.4534
7,83,False,0.855400025844574,0.44679999351501465,0.41348,0.4091,0.51932,0.4875,0.55606,0.4805,0.6328,0.4788,0.75726,0.4698,0.804,0.453
7,84,False,0.8636800050735474,0.45159998536109924,0.41526,0.4114,0.51832,0.4892,0.55864,0.4808,0.63738,0.4788,0.77242,0.4704,0.82326,0.4516
7,85,False,0.8639400005340576,0.45559999346733093,0.41426,0.4115,0.51788,0.4872,0.55298,0.4794,0.62948,0.4814,0.75166,0.4737,0.7923,0.4568
7,86,False,0.8640199899673462,0.4480000138282776,0.41434,0.4113,0.51768,0.4864,0.55532,0.4793,0.63518,0.4776,0.76306,0.4711,0.8107,0.4517
7,87,False,0.8674600124359131,0.45190000534057617,0.41364,0.4097,0.51752,0.4873,0.55514,0.4828,0.6362,0.4783,0.76594,0.4726,0.8188,0.4519
7,88,False,0.8561800122261047,0.45260000228881836,0.41378,0.4082,0.51742,0.4852,0.5501,0.4807,0.62544,0.4769,0.74726,0.4721,0.79112,0.4564
7,89,False,0.8598600029945374,0.4512999951839447,0.41604,0.4113,0.5186,0.4888,0.55624,0.482,0.63174,0.4769,0.7593,0.4667,0.80396,0.4513
7,90,False,0.8713399767875671,0.4474000036716461,0.41394,0.4102,0.5186,0.4834,0.55728,0.4812,0.6381,0.4768,0.77442,0.4654,0.82716,0.4508
7,91,False,0.8668199777603149,0.4577000141143799,0.414,0.4101,0.51984,0.4879,0.55842,0.4856,0.64312,0.483,0.78544,0.4698,0.84382,0.4557
7,92,False,0.8701599836349487,0.45509999990463257,0.4131,0.4101,0.51846,0.4872,0.5572,0.484,0.63418,0.4746,0.7643,0.4689,0.81498,0.4534
7,93,False,0.873960018157959,0.44850000739097595,0.41492,0.41,0.51726,0.4875,0.5582,0.4804,0.64374,0.4763,0.78422,0.4689,0.84332,0.4499
7,94,False,0.8651800155639648,0.45239999890327454,0.41302,0.4122,0.51866,0.4899,0.55792,0.4833,0.64132,0.4818,0.77266,0.4727,0.82632,0.4592
7,95,False,0.8792200088500977,0.4507000148296356,0.41398,0.4114,0.52004,0.4875,0.56062,0.4822,0.64074,0.4762,0.78002,0.4652,0.8345,0.4535
7,96,False,0.8713600039482117,0.4510999917984009,0.41326,0.4077,0.51912,0.4867,0.55842,0.48,0.63956,0.4777,0.77632,0.4708,0.83376,0.4531
7,97,False,0.8784400224685669,0.44859999418258667,0.4148,0.4107,0.52018,0.4879,0.55866,0.4807,0.63994,0.4793,0.7792,0.4734,0.8388,0.4511
7,98,False,0.8761199712753296,0.447299987077713,0.41406,0.4073,0.51902,0.4876,0.55528,0.4804,0.64092,0.4768,0.7811,0.4676,0.84538,0.4549
7,99,False,0.8754000067710876,0.4569999873638153,0.41388,0.41,0.5191,0.4897,0.55828,0.4773,0.6482,0.4805,0.79342,0.47,0.85684,0.4511
7,100,False,0.8804200291633606,0.4474000036716461,0.41498,0.4097,0.51736,0.4872,0.55772,0.4789,0.64088,0.4802,0.77458,0.4635,0.83484,0.451
8,0,False,0.10041999816894531,0.09780000150203705,0.39892,0.3896,0.4236,0.4012,0.3774,0.3606,0.3708,0.3624,0.39192,0.3685,0.35018,0.3379
8,1,False,0.30103999376296997,0.3456999957561493,0.37092,0.3692,0.42972,0.42,0.3973,0.3974,0.40024,0.3952,0.40724,0.3988,0.38952,0.3888
8,2,False,0.3649199903011322,0.3824999928474426,0.38596,0.3851,0.44642,0.4357,0.42048,0.424,0.42832,0.4266,0.43566,0.4272,0.42038,0.4179
8,3,False,0.4011000096797943,0.4131999909877777,0.39584,0.3879,0.46362,0.4536,0.44584,0.4382,0.45162,0.4419,0.4612,0.4496,0.45096,0.4393
8,4,False,0.4170199930667877,0.42660000920295715,0.40482,0.4038,0.47546,0.4627,0.462,0.452,0.47172,0.4586,0.47814,0.4672,0.46974,0.4598
8,5,False,0.43953999876976013,0.4578000009059906,0.41,0.4033,0.48504,0.4691,0.46992,0.4579,0.48034,0.4704,0.4944,0.4764,0.48546,0.4691
8,6,False,0.45392000675201416,0.45570001006126404,0.40954,0.4023,0.4933,0.4734,0.48454,0.4682,0.49624,0.4725,0.50584,0.4797,0.49842,0.4769
8,7,False,0.46911999583244324,0.4514000117778778,0.4113,0.3999,0.49542,0.4778,0.49176,0.4755,0.50494,0.4834,0.5132,0.4834,0.50368,0.4798
8,8,False,0.4799799919128418,0.4636000096797943,0.41188,0.4004,0.50032,0.4787,0.49502,0.4773,0.50634,0.4815,0.51812,0.4863,0.50906,0.4805
8,9,False,0.4869000017642975,0.4717999994754791,0.4144,0.4056,0.50296,0.4807,0.5011,0.4771,0.51656,0.4819,0.52836,0.4847,0.52096,0.4834
8,10,False,0.5020599961280823,0.48410001397132874,0.41544,0.4061,0.51042,0.4838,0.51068,0.4861,0.52906,0.4922,0.5424,0.4963,0.53566,0.4953
8,11,False,0.5097799897193909,0.48910000920295715,0.41584,0.4024,0.51316,0.4853,0.51926,0.4895,0.5394,0.4943,0.55058,0.4983,0.54618,0.4975
8,12,False,0.5173400044441223,0.48829999566078186,0.41798,0.4066,0.516,0.4901,0.52238,0.485,0.54118,0.4965,0.55454,0.4961,0.54978,0.5009
8,13,False,0.5267199873924255,0.48010000586509705,0.41496,0.4039,0.51536,0.4858,0.5235,0.4852,0.54116,0.4906,0.55672,0.4969,0.54882,0.4906
8,14,False,0.5346400141716003,0.4778999984264374,0.41564,0.4014,0.51866,0.4907,0.52746,0.489,0.54964,0.4952,0.5672,0.4996,0.56316,0.4963
8,15,False,0.543720006942749,0.491100013256073,0.41586,0.4035,0.5191,0.4884,0.5305,0.4831,0.55554,0.4984,0.571,0.4997,0.56826,0.4972
8,16,False,0.5504800081253052,0.48899999260902405,0.4155,0.4029,0.52248,0.4895,0.53806,0.4922,0.56612,0.5011,0.58322,0.5065,0.57872,0.4971
8,17,False,0.5595800280570984,0.49810001254081726,0.4175,0.4044,0.5219,0.4895,0.54102,0.4896,0.5712,0.5011,0.59054,0.5038,0.58736,0.5046
8,18,False,0.5637000203132629,0.4950000047683716,0.4148,0.4043,0.5219,0.495,0.54256,0.495,0.57686,0.5009,0.59628,0.5061,0.5916,0.505
8,19,False,0.5761600136756897,0.4964999854564667,0.41606,0.3995,0.52638,0.4892,0.54742,0.4926,0.58534,0.5006,0.60814,0.5008,0.60224,0.5012
8,20,False,0.582539975643158,0.4880000054836273,0.416,0.4028,0.52606,0.4934,0.55312,0.4932,0.59072,0.4987,0.61666,0.4992,0.61768,0.4978
8,21,False,0.589139997959137,0.49639999866485596,0.41548,0.4027,0.5274,0.4905,0.55362,0.493,0.5931,0.4985,0.62072,0.4997,0.61712,0.4985
8,22,False,0.5974599719047546,0.4918999969959259,0.41732,0.4027,0.5262,0.4895,0.55108,0.4863,0.59074,0.4952,0.62336,0.4995,0.62166,0.4974
8,23,False,0.6100199818611145,0.4894999861717224,0.41584,0.4012,0.52584,0.4948,0.5523,0.4924,0.59518,0.4981,0.62448,0.4995,0.61996,0.4958
8,24,False,0.6138200163841248,0.4887999892234802,0.41678,0.4042,0.52376,0.49,0.55998,0.4912,0.6079,0.4972,0.64332,0.5033,0.64328,0.493
8,25,False,0.6228600144386292,0.4781000018119812,0.41636,0.3995,0.52398,0.4859,0.54828,0.4872,0.5925,0.4903,0.62548,0.4949,0.62006,0.4855
8,26,False,0.6323599815368652,0.486299991607666,0.417,0.3996,0.52648,0.492,0.55548,0.4863,0.60666,0.4953,0.64496,0.4946,0.64404,0.4915
8,27,False,0.6414600014686584,0.4839000105857849,0.41488,0.4007,0.5259,0.491,0.55534,0.4876,0.6093,0.4968,0.64976,0.4951,0.64844,0.4859
8,28,False,0.6498399972915649,0.4803999960422516,0.4156,0.4001,0.52704,0.4913,0.5548,0.4879,0.6103,0.4966,0.65364,0.4947,0.65338,0.4916
8,29,False,0.6624400019645691,0.48019999265670776,0.41536,0.4,0.52578,0.4885,0.56034,0.4848,0.6189,0.4898,0.67102,0.4907,0.67324,0.4875
8,30,False,0.6675599813461304,0.48330000042915344,0.41502,0.4021,0.52626,0.4946,0.56074,0.4829,0.6211,0.4984,0.66776,0.4952,0.67116,0.4866
8,31,False,0.6707000136375427,0.4797999858856201,0.41488,0.3995,0.52422,0.4898,0.55836,0.4819,0.61864,0.4891,0.66864,0.4922,0.67166,0.484
8,32,False,0.6814200282096863,0.48489999771118164,0.4169,0.4005,0.52756,0.4936,0.5659,0.4909,0.62922,0.5011,0.68738,0.5019,0.69574,0.4918
8,33,False,0.685920000076294,0.4772999882698059,0.41682,0.4016,0.52778,0.4907,0.5641,0.485,0.62746,0.4944,0.68546,0.4916,0.69492,0.488
8,34,False,0.6970400214195251,0.47519999742507935,0.41706,0.4023,0.52714,0.493,0.56618,0.4865,0.63274,0.4973,0.68782,0.4935,0.69278,0.4825
8,35,False,0.7030199766159058,0.4778999984264374,0.41712,0.4038,0.52842,0.4875,0.56366,0.4849,0.63378,0.4867,0.69198,0.492,0.69986,0.4805
8,36,False,0.7127400040626526,0.47510001063346863,0.41736,0.4014,0.52706,0.4875,0.56454,0.4909,0.63068,0.4914,0.69102,0.4887,0.69998,0.4873
8,37,False,0.7189000248908997,0.4733000099658966,0.41584,0.3997,0.52752,0.4926,0.56574,0.4869,0.63592,0.497,0.69896,0.4923,0.70538,0.479
8,38,False,0.7220399975776672,0.4690999984741211,0.41528,0.4013,0.5257,0.4883,0.56308,0.4838,0.62718,0.4904,0.68682,0.4888,0.69152,0.4709
8,39,False,0.731440007686615,0.47690001130104065,0.41504,0.3994,0.52582,0.4906,0.55934,0.484,0.61976,0.4914,0.6786,0.4854,0.6842,0.4793
8,40,False,0.732420027256012,0.4772000014781952,0.41672,0.4018,0.52618,0.4907,0.56808,0.4879,0.64216,0.496,0.71374,0.4921,0.73016,0.4788
8,41,False,0.7432399988174438,0.462799996137619,0.41604,0.4036,0.52646,0.4913,0.56646,0.4849,0.63704,0.49,0.70168,0.4873,0.71222,0.4734
8,42,False,0.7439200282096863,0.4823000133037567,0.41572,0.4022,0.52654,0.4897,0.57076,0.488,0.65576,0.4918,0.73562,0.4945,0.75672,0.4838
8,43,False,0.7526000142097473,0.46560001373291016,0.41432,0.4017,0.52674,0.4909,0.56826,0.4901,0.64394,0.4871,0.72338,0.4854,0.7403,0.475
8,44,False,0.7565799951553345,0.4677000045776367,0.4177,0.4028,0.52668,0.4933,0.56584,0.4873,0.641,0.495,0.71264,0.4889,0.72806,0.4735
8,45,False,0.7624199986457825,0.47189998626708984,0.41576,0.4039,0.52692,0.4916,0.56636,0.4891,0.6449,0.4924,0.72606,0.4867,0.74444,0.4786
8,46,False,0.7639399766921997,0.4706000089645386,0.41646,0.4025,0.52686,0.491,0.5642,0.4873,0.64026,0.4899,0.71428,0.4901,0.72926,0.4805
8,47,False,0.7669199705123901,0.47769999504089355,0.41584,0.4007,0.52742,0.4917,0.56834,0.4863,0.64616,0.4963,0.73,0.4945,0.7505,0.4819
8,48,False,0.7784199714660645,0.4731000065803528,0.4156,0.4036,0.5273,0.4944,0.57,0.4842,0.65094,0.4888,0.7352,0.4918,0.76066,0.4754
8,49,False,0.7806199789047241,0.47699999809265137,0.41526,0.4027,0.52682,0.4912,0.57172,0.4845,0.65636,0.4907,0.74382,0.4941,0.76964,0.4807
8,50,False,0.7841399908065796,0.46950000524520874,0.41642,0.4025,0.52744,0.4915,0.57284,0.4877,0.65966,0.4891,0.75228,0.4865,0.77778,0.4773
8,51,False,0.7882400155067444,0.4771000146865845,0.41542,0.4026,0.52776,0.4899,0.5727,0.4863,0.65656,0.4968,0.74678,0.4924,0.77114,0.4761
8,52,False,0.7905200123786926,0.46709999442100525,0.41638,0.4038,0.52676,0.4881,0.57104,0.4879,0.65762,0.489,0.74618,0.4852,0.77596,0.4699
8,53,False,0.7899199724197388,0.46720001101493835,0.4159,0.4029,0.5249,0.4903,0.56962,0.4805,0.65316,0.4885,0.74276,0.4814,0.77062,0.4745
8,54,False,0.792959988117218,0.4657999873161316,0.41458,0.3997,0.52594,0.4903,0.56914,0.4871,0.65058,0.4897,0.74094,0.4834,0.76558,0.4695
8,55,False,0.8040800094604492,0.4645000100135803,0.4161,0.4021,0.5254,0.494,0.56802,0.4896,0.64944,0.4873,0.73996,0.4802,0.76626,0.4676
8,56,False,0.8081200122833252,0.4659999907016754,0.41536,0.4054,0.52512,0.4894,0.5675,0.4836,0.65422,0.4857,0.74384,0.4826,0.77358,0.473
8,57,False,0.8110600113868713,0.4697999954223633,0.4148,0.4018,0.52708,0.4919,0.56846,0.4832,0.65046,0.4879,0.73756,0.4838,0.76042,0.4695
8,58,False,0.8085799813270569,0.4627000093460083,0.41498,0.4019,0.5275,0.4919,0.56872,0.4851,0.65014,0.4861,0.73788,0.4815,0.76312,0.4668
8,59,False,0.8143799901008606,0.46700000762939453,0.41508,0.3992,0.52542,0.4914,0.5665,0.4879,0.64882,0.4887,0.74374,0.4825,0.7741,0.4708
8,60,False,0.8148599863052368,0.47099998593330383,0.41366,0.4012,0.52564,0.488,0.56852,0.4835,0.65528,0.4862,0.75266,0.4786,0.78516,0.4723
8,61,False,0.8214600086212158,0.45809999108314514,0.41584,0.4029,0.52618,0.4892,0.56756,0.4828,0.64278,0.4879,0.73022,0.4802,0.75616,0.4671
8,62,False,0.8212800025939941,0.4722999930381775,0.41542,0.4001,0.52508,0.4884,0.56948,0.4884,0.65084,0.4825,0.74412,0.4814,0.77554,0.4724
8,63,False,0.8245800137519836,0.46810001134872437,0.41496,0.4021,0.52678,0.4887,0.5698,0.4825,0.65662,0.4904,0.75372,0.4844,0.78686,0.4676
8,64,False,0.8289200067520142,0.45890000462532043,0.41598,0.401,0.52838,0.4908,0.57012,0.4829,0.658,0.4855,0.75792,0.4805,0.79414,0.4557
8,65,False,0.8321999907493591,0.4643999934196472,0.41414,0.4003,0.52528,0.4868,0.5712,0.4861,0.65834,0.4889,0.75966,0.4814,0.8013,0.4631
8,66,False,0.833620011806488,0.4650999903678894,0.41604,0.4021,0.5255,0.4895,0.56856,0.485,0.65564,0.4872,0.7549,0.483,0.7894,0.4689
8,67,False,0.8345199823379517,0.45719999074935913,0.4139,0.4019,0.5257,0.4919,0.56786,0.4803,0.65066,0.4802,0.7519,0.478,0.78916,0.4662
8,68,False,0.8379999995231628,0.47049999237060547,0.4145,0.4011,0.52726,0.4912,0.57044,0.4839,0.65796,0.489,0.7646,0.4889,0.8051,0.4702
8,69,False,0.8391000032424927,0.46160000562667847,0.41466,0.4007,0.52682,0.4883,0.5724,0.4845,0.66226,0.4891,0.77312,0.4827,0.81286,0.4645
8,70,False,0.8382800221443176,0.44670000672340393,0.41324,0.4003,0.52442,0.4909,0.56882,0.4815,0.64888,0.4821,0.73946,0.4738,0.77262,0.4536
8,71,False,0.8401600122451782,0.4611000120639801,0.41452,0.3989,0.52534,0.4888,0.5713,0.4833,0.65768,0.4843,0.7651,0.4776,0.80582,0.4577
8,72,False,0.8521000146865845,0.46050000190734863,0.41546,0.403,0.52688,0.4895,0.56984,0.4839,0.65974,0.4812,0.76362,0.4772,0.80712,0.4587
8,73,False,0.8448799848556519,0.4675000011920929,0.41494,0.4027,0.52468,0.4921,0.56864,0.4836,0.66164,0.4845,0.7735,0.476,0.81586,0.4639
8,74,False,0.8456400036811829,0.46050000190734863,0.41548,0.4012,0.52578,0.4918,0.57166,0.4858,0.65828,0.4865,0.76502,0.4796,0.80534,0.4613
8,75,False,0.8529199957847595,0.4641000032424927,0.41516,0.4026,0.5264,0.4902,0.5745,0.4866,0.6673,0.4897,0.78182,0.479,0.82002,0.4607
8,76,False,0.8543000221252441,0.45969998836517334,0.41378,0.3996,0.52546,0.492,0.57256,0.4803,0.66852,0.4863,0.78632,0.4787,0.83034,0.4616
8,77,False,0.8573399782180786,0.45579999685287476,0.41622,0.4014,0.5266,0.4927,0.57062,0.484,0.66076,0.4892,0.76788,0.4775,0.80544,0.4592
8,78,False,0.8545799851417542,0.4553999900817871,0.4145,0.4002,0.52552,0.492,0.56894,0.4836,0.65782,0.4844,0.76768,0.4728,0.8067,0.4571
8,79,False,0.8567000031471252,0.46480000019073486,0.41378,0.4015,0.52634,0.4915,0.57206,0.4864,0.66358,0.4857,0.76948,0.4807,0.81084,0.4626
8,80,False,0.8619599938392639,0.45419999957084656,0.41564,0.4008,0.52742,0.4858,0.57198,0.4824,0.66796,0.4826,0.78736,0.4755,0.8349,0.4584
8,81,False,0.8567399978637695,0.45399999618530273,0.41494,0.3998,0.52558,0.4871,0.57012,0.4855,0.66034,0.4886,0.77112,0.4779,0.81414,0.4611
8,82,False,0.8627600073814392,0.4674000144004822,0.41422,0.401,0.5255,0.4882,0.57194,0.4872,0.66602,0.4876,0.7821,0.4807,0.82446,0.4686
8,83,False,0.8646199703216553,0.4510999917984009,0.4158,0.4032,0.5266,0.4862,0.57054,0.4865,0.6622,0.4836,0.77608,0.4716,0.81988,0.4595
8,84,False,0.8603600263595581,0.46309998631477356,0.41462,0.3994,0.52584,0.4894,0.56966,0.4839,0.66176,0.4852,0.7805,0.4783,0.83034,0.4564
8,85,False,0.8667799830436707,0.46149998903274536,0.41492,0.3975,0.5244,0.4877,0.56638,0.4817,0.65624,0.4822,0.76632,0.473,0.81162,0.4598
8,86,False,0.8679599761962891,0.4595000147819519,0.41476,0.4002,0.5257,0.4903,0.57038,0.4838,0.66554,0.4833,0.77834,0.4807,0.83118,0.4597
8,87,False,0.8640400171279907,0.46320000290870667,0.41482,0.4027,0.52696,0.4885,0.57248,0.4802,0.67312,0.4848,0.79612,0.4767,0.85138,0.4648
8,88,False,0.873740017414093,0.46239998936653137,0.41522,0.4012,0.52696,0.4863,0.57482,0.4868,0.67568,0.4784,0.80056,0.4773,0.85562,0.462
8,89,False,0.8693000078201294,0.4648999869823456,0.4136,0.402,0.52684,0.4875,0.5721,0.4814,0.67144,0.484,0.79506,0.4799,0.84686,0.4621
8,90,False,0.8701599836349487,0.4625000059604645,0.41324,0.4005,0.5267,0.4894,0.5736,0.4792,0.67076,0.4844,0.79466,0.4804,0.85124,0.4591
8,91,False,0.871399998664856,0.46320000290870667,0.41398,0.4001,0.52646,0.4854,0.57152,0.4789,0.66856,0.4839,0.7934,0.4788,0.84848,0.4636
8,92,False,0.8758599758148193,0.4645000100135803,0.41384,0.3989,0.5257,0.4899,0.57372,0.4831,0.67652,0.4865,0.81014,0.4771,0.8669,0.4622
8,93,False,0.8812400102615356,0.4602999985218048,0.41382,0.4005,0.52504,0.4874,0.57058,0.482,0.66352,0.487,0.78106,0.4761,0.82924,0.4587
8,94,False,0.8772000074386597,0.4577000141143799,0.41408,0.401,0.52488,0.4899,0.5725,0.4819,0.67134,0.4861,0.79132,0.471,0.84456,0.4574
8,95,False,0.8733999729156494,0.46070000529289246,0.41414,0.4005,0.52498,0.491,0.57224,0.481,0.6707,0.484,0.8005,0.4782,0.8553,0.4617
8,96,False,0.8806399703025818,0.4596000015735626,0.4131,0.3996,0.52664,0.4892,0.5714,0.4827,0.66278,0.4847,0.77472,0.4799,0.8263,0.4587
8,97,False,0.8767600059509277,0.46309998631477356,0.41338,0.3994,0.5255,0.4883,0.57356,0.4805,0.67258,0.4865,0.79522,0.4765,0.85386,0.4549
8,98,False,0.8795199990272522,0.4620000123977661,0.41486,0.4022,0.52582,0.4892,0.57122,0.4805,0.66618,0.4822,0.79352,0.4784,0.84782,0.4625
8,99,False,0.8805999755859375,0.46799999475479126,0.41416,0.4013,0.52846,0.4885,0.57648,0.4836,0.67586,0.4838,0.80564,0.4786,0.86766,0.4602
8,100,False,0.8793200254440308,0.4620000123977661,0.41388,0.3997,0.52604,0.4867,0.57322,0.4811,0.67116,0.4825,0.79684,0.4773,0.85244,0.4599
9,0,False,0.12430000305175781,0.12790000438690186,0.3954,0.3862,0.42148,0.4051,0.37606,0.3687,0.36406,0.359,0.38652,0.3761,0.35056,0.3484
9,1,False,0.2969200015068054,0.35659998655319214,0.36502,0.3696,0.42808,0.4185,0.39766,0.3996,0.40126,0.397,0.40886,0.4007,0.39082,0.3867
9,2,False,0.3725599944591522,0.38909998536109924,0.39488,0.3962,0.4502,0.4461,0.43212,0.4312,0.43434,0.4316,0.44284,0.4379,0.42722,0.4259
9,3,False,0.4056999981403351,0.4156999886035919,0.40806,0.4046,0.47046,0.462,0.45464,0.4488,0.46184,0.4557,0.46548,0.4594,0.4536,0.4532
9,4,False,0.43073999881744385,0.4207000136375427,0.41198,0.4111,0.4799,0.4686,0.46814,0.457,0.47322,0.4613,0.47958,0.4663,0.4713,0.4603
9,5,False,0.44369998574256897,0.44670000672340393,0.42124,0.419,0.4902,0.4723,0.47842,0.467,0.4861,0.4699,0.49408,0.4706,0.48284,0.4698
9,6,False,0.4597199857234955,0.444599986076355,0.42028,0.4141,0.49454,0.4772,0.49004,0.4741,0.50148,0.4806,0.50748,0.4817,0.49926,0.4779
9,7,False,0.47308000922203064,0.4546000063419342,0.42468,0.4197,0.50022,0.4824,0.49392,0.4707,0.50528,0.483,0.513,0.4848,0.5055,0.4781
9,8,False,0.48311999440193176,0.4713999927043915,0.42446,0.4206,0.50394,0.4777,0.50562,0.4804,0.5177,0.4863,0.52556,0.4887,0.51792,0.4862
9,9,False,0.4940800070762634,0.47909998893737793,0.42934,0.4215,0.50794,0.4815,0.50968,0.4836,0.52534,0.4946,0.53326,0.5001,0.52514,0.4914
9,10,False,0.5016999840736389,0.4828000068664551,0.4296,0.4198,0.51204,0.48,0.51594,0.4819,0.5326,0.4899,0.543,0.4948,0.53742,0.4956
9,11,False,0.5094199776649475,0.5004000067710876,0.42978,0.4194,0.51548,0.4889,0.52778,0.4897,0.54782,0.5004,0.5595,0.5046,0.5548,0.5065
9,12,False,0.5166199803352356,0.4862000048160553,0.42938,0.4204,0.51546,0.4818,0.52748,0.4857,0.54426,0.4866,0.55812,0.4991,0.5529,0.4936
9,13,False,0.5263599753379822,0.4821999967098236,0.429,0.4191,0.51646,0.4875,0.52314,0.479,0.53772,0.4879,0.5489,0.4925,0.54346,0.4887
9,14,False,0.5364999771118164,0.49309998750686646,0.43164,0.4203,0.51912,0.4896,0.53996,0.4921,0.56308,0.4996,0.57792,0.502,0.57476,0.5017
9,15,False,0.5375400185585022,0.49000000953674316,0.43004,0.4207,0.52158,0.4874,0.54182,0.4913,0.5655,0.5011,0.58126,0.5013,0.5751,0.4988
9,16,False,0.5511199831962585,0.4964999854564667,0.4299,0.4162,0.52366,0.4884,0.54524,0.4881,0.57126,0.4992,0.58816,0.5069,0.58106,0.5015
9,17,False,0.5587599873542786,0.4893999993801117,0.42914,0.4176,0.5205,0.4892,0.5403,0.4926,0.56462,0.4943,0.58482,0.5024,0.58132,0.5025
9,18,False,0.566540002822876,0.48350000381469727,0.43048,0.4207,0.52328,0.484,0.54406,0.4956,0.57332,0.498,0.59346,0.5042,0.58882,0.5022
9,19,False,0.5764399766921997,0.49239999055862427,0.43268,0.4238,0.52822,0.494,0.55104,0.4911,0.58134,0.5007,0.60558,0.5018,0.60218,0.4961
9,20,False,0.5854799747467041,0.4878000020980835,0.43292,0.4226,0.52814,0.4901,0.5532,0.4934,0.5878,0.4987,0.6118,0.5041,0.61134,0.4995
9,21,False,0.5910599827766418,0.48840001225471497,0.43156,0.4229,0.52726,0.488,0.5553,0.4888,0.5957,0.4998,0.62126,0.5017,0.62062,0.499
9,22,False,0.6022800207138062,0.49470001459121704,0.43272,0.4245,0.52836,0.4863,0.55538,0.4924,0.59532,0.5019,0.61964,0.5006,0.61978,0.4995
9,23,False,0.6110399961471558,0.4927000105381012,0.43126,0.4201,0.5279,0.4879,0.5596,0.4868,0.6018,0.5047,0.63328,0.5006,0.63476,0.4997
9,24,False,0.617900013923645,0.48539999127388,0.43284,0.4189,0.5325,0.4888,0.56206,0.4851,0.6075,0.5006,0.6393,0.4985,0.6405,0.4993
9,25,False,0.6281800270080566,0.4763000011444092,0.43216,0.4214,0.53064,0.4921,0.56312,0.4846,0.60668,0.4982,0.63928,0.4929,0.63812,0.4915
9,26,False,0.6322600245475769,0.4887999892234802,0.433,0.4212,0.53348,0.4905,0.56098,0.4859,0.60922,0.5,0.64422,0.5033,0.64538,0.4976
9,27,False,0.6387400031089783,0.48989999294281006,0.43116,0.423,0.53158,0.4878,0.56416,0.4937,0.61834,0.5002,0.65966,0.4978,0.66064,0.4941
9,28,False,0.6504200100898743,0.48350000381469727,0.4334,0.4223,0.53058,0.4901,0.5706,0.4919,0.62378,0.4956,0.66992,0.4969,0.6717,0.4925
9,29,False,0.6601799726486206,0.4772999882698059,0.43116,0.4207,0.53114,0.4898,0.56924,0.4906,0.62096,0.4987,0.66178,0.4951,0.66468,0.4927
9,30,False,0.6693599820137024,0.49300000071525574,0.43208,0.4225,0.53178,0.4883,0.57364,0.4891,0.6337,0.4948,0.68276,0.499,0.68984,0.4969
9,31,False,0.6714199781417847,0.4869999885559082,0.4331,0.422,0.53034,0.4958,0.57336,0.4903,0.63774,0.4974,0.68966,0.4984,0.70096,0.4943
9,32,False,0.680079996585846,0.4876999855041504,0.43298,0.4228,0.53068,0.4868,0.57102,0.4899,0.631,0.5004,0.68416,0.4965,0.691,0.4908
9,33,False,0.6888399720191956,0.4878000020980835,0.4331,0.4221,0.53476,0.4913,0.5796,0.4963,0.64474,0.4994,0.70328,0.4986,0.71272,0.4927
9,34,False,0.6991199851036072,0.4805999994277954,0.43214,0.4209,0.53198,0.4916,0.57434,0.4883,0.63476,0.4952,0.69224,0.4924,0.70266,0.4933
9,35,False,0.7066400051116943,0.47519999742507935,0.43122,0.4216,0.52962,0.4894,0.56944,0.487,0.63054,0.491,0.684,0.4842,0.69066,0.4766
9,36,False,0.7074400186538696,0.4765999913215637,0.43036,0.42,0.53118,0.4913,0.57348,0.4937,0.63666,0.4923,0.69482,0.4928,0.70218,0.4853
9,37,False,0.7192800045013428,0.4763000011444092,0.43346,0.4236,0.52884,0.4866,0.5715,0.4878,0.63592,0.489,0.69262,0.4882,0.70208,0.4837
9,38,False,0.7211199998855591,0.47540000081062317,0.43226,0.4214,0.53278,0.4904,0.57872,0.4858,0.65292,0.4903,0.71724,0.4836,0.73478,0.4843
9,39,False,0.73225998878479,0.4848000109195709,0.43172,0.4226,0.5328,0.4863,0.5772,0.4855,0.65054,0.4989,0.71624,0.4908,0.72886,0.4927
9,40,False,0.7359200119972229,0.4796999990940094,0.43126,0.4196,0.53248,0.4901,0.58066,0.4884,0.657,0.4926,0.7319,0.4839,0.74786,0.4846
9,41,False,0.7392399907112122,0.47929999232292175,0.4321,0.421,0.53078,0.4918,0.57774,0.4922,0.6468,0.4981,0.71484,0.4924,0.73182,0.4905
9,42,False,0.7456799745559692,0.47780001163482666,0.43254,0.4228,0.53296,0.4889,0.57448,0.4849,0.64082,0.4936,0.70174,0.4874,0.71252,0.4804
9,43,False,0.7498000264167786,0.48010000586509705,0.4316,0.42,0.5301,0.4883,0.5821,0.4872,0.66032,0.4963,0.73776,0.488,0.75604,0.4852
9,44,False,0.7499799728393555,0.4794999957084656,0.43012,0.4191,0.52894,0.4887,0.5782,0.4899,0.65294,0.4947,0.7261,0.4809,0.74788,0.4805
9,45,False,0.7580400109291077,0.4684999883174896,0.4311,0.4212,0.53138,0.4894,0.5783,0.4854,0.65514,0.4885,0.72722,0.4782,0.74668,0.4783
9,46,False,0.7623199820518494,0.4781999886035919,0.43286,0.4223,0.53336,0.4905,0.58224,0.4906,0.66416,0.4955,0.74424,0.4878,0.7654,0.4821
9,47,False,0.7674800157546997,0.476500004529953,0.43176,0.4187,0.53252,0.4864,0.57964,0.4916,0.65682,0.4948,0.73654,0.4852,0.75426,0.4765
9,48,False,0.7761800289154053,0.47350001335144043,0.43132,0.42,0.53104,0.4895,0.57924,0.4857,0.66314,0.4907,0.74774,0.4889,0.76796,0.4819
9,49,False,0.7816799879074097,0.47110000252723694,0.4318,0.422,0.53174,0.4896,0.57928,0.4877,0.65404,0.4891,0.73298,0.4837,0.749,0.4808
9,50,False,0.7839599847793579,0.4683000147342682,0.43168,0.4208,0.5308,0.4894,0.58206,0.492,0.6582,0.49,0.73658,0.4888,0.75332,0.4701
9,51,False,0.7912200093269348,0.4661000072956085,0.43126,0.4216,0.53368,0.4879,0.58272,0.4882,0.66674,0.4908,0.74872,0.4837,0.77112,0.4752
9,52,False,0.7903000116348267,0.47049999237060547,0.43224,0.4203,0.53074,0.4872,0.58008,0.4904,0.6607,0.4907,0.74436,0.4806,0.77014,0.4724
9,53,False,0.7912200093269348,0.47290000319480896,0.43026,0.4196,0.53026,0.4882,0.58228,0.4916,0.66652,0.4875,0.7574,0.4774,0.78326,0.4747
9,54,False,0.8021000027656555,0.46700000762939453,0.43156,0.4197,0.53042,0.4881,0.58156,0.486,0.66492,0.4908,0.75122,0.4825,0.77642,0.4755
9,55,False,0.7999200224876404,0.47360000014305115,0.4321,0.4221,0.5334,0.4881,0.58674,0.4922,0.67296,0.4926,0.76592,0.485,0.80164,0.4736
9,56,False,0.8028799891471863,0.47540000081062317,0.43066,0.4198,0.52956,0.4898,0.5796,0.4841,0.66286,0.4874,0.74998,0.486,0.7783,0.4783
9,57,False,0.8118600249290466,0.46709999442100525,0.43124,0.4216,0.53214,0.4872,0.5853,0.4882,0.67026,0.4901,0.76116,0.4832,0.79004,0.4742
9,58,False,0.809499979019165,0.4708000123500824,0.43058,0.4205,0.53086,0.4874,0.58112,0.4895,0.65976,0.4883,0.74874,0.4835,0.77436,0.4722
9,59,False,0.8147199749946594,0.4645000100135803,0.43002,0.4214,0.5298,0.4871,0.58094,0.489,0.65918,0.4896,0.748,0.4763,0.77034,0.4715
9,60,False,0.8144999742507935,0.4715000092983246,0.43154,0.4216,0.53176,0.4912,0.58686,0.4889,0.67886,0.4911,0.77946,0.4844,0.81528,0.476
9,61,False,0.8258000016212463,0.4618000090122223,0.43028,0.4224,0.53168,0.4868,0.58032,0.4838,0.6651,0.4824,0.75814,0.4753,0.78658,0.4665
9,62,False,0.8301399946212769,0.46059998869895935,0.43102,0.4215,0.52944,0.4871,0.57962,0.488,0.66606,0.4906,0.75798,0.4845,0.7912,0.4724
9,63,False,0.823140025138855,0.46700000762939453,0.43234,0.4201,0.53086,0.4863,0.5831,0.4865,0.6731,0.4868,0.77052,0.4787,0.80418,0.4694
9,64,False,0.8326200246810913,0.46799999475479126,0.43212,0.4208,0.53164,0.4895,0.58406,0.4866,0.67446,0.4831,0.78234,0.4822,0.8185,0.4742
9,65,False,0.8293399810791016,0.4691999852657318,0.43122,0.4196,0.53074,0.4887,0.58228,0.4902,0.67108,0.4963,0.77322,0.4816,0.81022,0.4742
9,66,False,0.8332599997520447,0.4577000141143799,0.43186,0.421,0.52984,0.4885,0.5826,0.4863,0.66648,0.4882,0.7659,0.478,0.8007,0.4705
9,67,False,0.8350600004196167,0.46140000224113464,0.43128,0.4203,0.53018,0.49,0.57928,0.4864,0.66186,0.4854,0.7608,0.4755,0.78798,0.4694
9,68,False,0.8357399702072144,0.4729999899864197,0.4303,0.4216,0.5284,0.4874,0.58366,0.4912,0.67082,0.484,0.77078,0.4823,0.808,0.4692
9,69,False,0.8408200144767761,0.45989999175071716,0.42998,0.4201,0.52732,0.4839,0.58172,0.4873,0.66604,0.4856,0.76724,0.4753,0.80554,0.4659
9,70,False,0.8497400283813477,0.4636000096797943,0.43208,0.4221,0.52956,0.4887,0.58208,0.4863,0.66636,0.4885,0.76922,0.4758,0.80402,0.4631
9,71,False,0.8449599742889404,0.4535999894142151,0.43098,0.4198,0.52914,0.4902,0.58252,0.4876,0.66308,0.4848,0.75916,0.476,0.79054,0.4648
9,72,False,0.8469600081443787,0.46369999647140503,0.42976,0.4193,0.52994,0.486,0.5872,0.4858,0.67512,0.4828,0.7821,0.4757,0.82132,0.4652
9,73,False,0.8497200012207031,0.4641000032424927,0.4307,0.4206,0.53032,0.4884,0.58612,0.4847,0.67682,0.4825,0.78272,0.4767,0.81868,0.4657
9,74,False,0.8527600169181824,0.46619999408721924,0.43142,0.42,0.53086,0.4885,0.58678,0.4917,0.67948,0.4872,0.7881,0.4797,0.83274,0.4644
9,75,False,0.8508999943733215,0.46549999713897705,0.43048,0.4212,0.53098,0.4848,0.58634,0.4886,0.67798,0.4901,0.7904,0.4832,0.83434,0.4654
9,76,False,0.8592399954795837,0.46549999713897705,0.4323,0.4209,0.53172,0.4872,0.58862,0.4838,0.684,0.488,0.79944,0.4752,0.84602,0.4673
9,77,False,0.8580999970436096,0.461899995803833,0.43064,0.42,0.53164,0.4887,0.58554,0.4865,0.67302,0.4893,0.77452,0.4782,0.81312,0.47
9,78,False,0.8557999730110168,0.4652000069618225,0.43076,0.4197,0.52912,0.4892,0.57946,0.4832,0.66082,0.4854,0.75958,0.4785,0.79104,0.4637
9,79,False,0.8614799976348877,0.4643999934196472,0.42984,0.4194,0.52984,0.4875,0.5846,0.4885,0.67638,0.4879,0.79128,0.4757,0.83114,0.4673
9,80,False,0.8586199879646301,0.4602000117301941,0.43058,0.4198,0.5301,0.4891,0.5875,0.4898,0.67698,0.4912,0.78946,0.4763,0.82976,0.4667
9,81,False,0.8673999905586243,0.4648999869823456,0.4304,0.4197,0.53018,0.4886,0.589,0.4875,0.6836,0.4884,0.80038,0.4767,0.84322,0.4607
9,82,False,0.859000027179718,0.45339998602867126,0.42992,0.4212,0.52826,0.489,0.58238,0.4863,0.66864,0.4833,0.77784,0.471,0.81736,0.4552
9,83,False,0.8677399754524231,0.4691999852657318,0.43184,0.4203,0.5299,0.482,0.58486,0.4836,0.6765,0.4888,0.79272,0.476,0.83316,0.4684
9,84,False,0.8669000267982483,0.4586000144481659,0.43148,0.4214,0.52922,0.4883,0.58412,0.4841,0.6798,0.4902,0.794,0.4752,0.8391,0.4625
9,85,False,0.8707799911499023,0.46779999136924744,0.4309,0.4202,0.52886,0.4859,0.58542,0.4866,0.68296,0.4866,0.803,0.4771,0.84918,0.4688
9,86,False,0.865339994430542,0.4595000147819519,0.43134,0.4199,0.53078,0.4887,0.58656,0.4914,0.67666,0.486,0.78478,0.4765,0.83286,0.4632
9,87,False,0.8709200024604797,0.4577000141143799,0.43114,0.4193,0.52854,0.4907,0.58574,0.4901,0.67746,0.4887,0.79182,0.4732,0.84306,0.4609
9,88,False,0.8782200217247009,0.4745999872684479,0.43068,0.4196,0.53008,0.4869,0.58714,0.4826,0.6855,0.4872,0.80872,0.4763,0.85938,0.4739
9,89,False,0.870959997177124,0.45739999413490295,0.43042,0.4195,0.52914,0.4875,0.58616,0.488,0.67802,0.4856,0.79788,0.473,0.84278,0.4633
9,90,False,0.8737800121307373,0.4620000123977661,0.43126,0.4206,0.52808,0.4891,0.5849,0.4835,0.67046,0.4896,0.77774,0.4771,0.81756,0.4624
9,91,False,0.8737199902534485,0.4652000069618225,0.43082,0.4202,0.53054,0.4893,0.58604,0.4894,0.68456,0.489,0.8055,0.4811,0.85948,0.4646
9,92,False,0.8791800141334534,0.45809999108314514,0.43042,0.4169,0.53046,0.4882,0.58932,0.4884,0.68528,0.4884,0.80914,0.4783,0.86196,0.4635
9,93,False,0.8775399923324585,0.4560999870300293,0.4319,0.4183,0.52936,0.488,0.5856,0.484,0.67708,0.4891,0.79172,0.4771,0.8416,0.4623
9,94,False,0.8792799711227417,0.4641999900341034,0.43036,0.4193,0.52968,0.491,0.58892,0.4848,0.68422,0.489,0.81072,0.479,0.86356,0.4648
9,95,False,0.8797799944877625,0.44929999113082886,0.43112,0.4198,0.53014,0.4894,0.58734,0.4899,0.6799,0.4868,0.79504,0.4715,0.83966,0.4582
9,96,False,0.8851000070571899,0.4650000035762787,0.43066,0.4188,0.52906,0.4885,0.58944,0.4917,0.68928,0.4902,0.81014,0.4806,0.86498,0.469
9,97,False,0.8819400072097778,0.4607999920845032,0.4314,0.418,0.52932,0.4918,0.58866,0.4879,0.68304,0.4892,0.80676,0.4728,0.86174,0.4596
9,98,False,0.8857399821281433,0.4632999897003174,0.43026,0.4216,0.53058,0.4892,0.58852,0.4887,0.68314,0.4895,0.80384,0.4783,0.85918,0.464
9,99,False,0.8874800205230713,0.4546999931335449,0.4297,0.4194,0.53,0.4874,0.58756,0.4847,0.68572,0.4836,0.80684,0.4718,0.86612,0.4601
9,100,False,0.8796200156211853,0.46239998936653137,0.4311,0.4197,0.52696,0.4885,0.58028,0.4862,0.67476,0.4853,0.78728,0.4772,0.83546,0.4622
10,0,False,0.10819999873638153,0.10419999808073044,0.39656,0.391,0.42072,0.3972,0.37922,0.3723,0.36628,0.3554,0.38444,0.3688,0.35224,0.3464
10,1,False,0.30164000391960144,0.36079999804496765,0.37742,0.3858,0.43326,0.4221,0.40066,0.4075,0.40438,0.402,0.41192,0.4075,0.39594,0.3966
10,2,False,0.37139999866485596,0.3912000060081482,0.4005,0.4026,0.45398,0.4507,0.43472,0.4324,0.43792,0.4366,0.44396,0.4387,0.43322,0.4286
10,3,False,0.4030599892139435,0.42410001158714294,0.41408,0.4207,0.47118,0.465,0.45366,0.4516,0.46146,0.4612,0.46766,0.4634,0.45682,0.4564
10,4,False,0.42956000566482544,0.4413999915122986,0.41848,0.4216,0.48148,0.4695,0.46802,0.4668,0.47628,0.4685,0.48468,0.4699,0.47364,0.465
10,5,False,0.4466400146484375,0.43140000104904175,0.4262,0.4243,0.48906,0.4747,0.47604,0.4652,0.48458,0.468,0.49358,0.4726,0.4861,0.4694
10,6,False,0.46094000339508057,0.4657999873161316,0.42928,0.425,0.4923,0.4774,0.48542,0.4708,0.49884,0.4773,0.50824,0.4806,0.49942,0.478
10,7,False,0.47435998916625977,0.47530001401901245,0.43002,0.4274,0.50028,0.4833,0.49346,0.4782,0.50598,0.4834,0.5171,0.4863,0.50868,0.4876
10,8,False,0.48377999663352966,0.47870001196861267,0.4354,0.428,0.50868,0.4836,0.50458,0.4822,0.52156,0.4884,0.53138,0.4931,0.52372,0.4932
10,9,False,0.49366000294685364,0.45249998569488525,0.43256,0.4251,0.5079,0.4837,0.50482,0.4773,0.51908,0.4845,0.5277,0.4884,0.51738,0.4779
10,10,False,0.5003799796104431,0.46860000491142273,0.43696,0.4316,0.51556,0.4894,0.51864,0.4877,0.53412,0.4938,0.54186,0.4971,0.53404,0.4937
10,11,False,0.5116000175476074,0.4510999917984009,0.43642,0.4293,0.51326,0.484,0.51082,0.4786,0.52928,0.4826,0.54048,0.4895,0.53202,0.4796
10,12,False,0.5201799869537354,0.4896000027656555,0.43912,0.4305,0.52004,0.4891,0.52854,0.4882,0.54766,0.4966,0.56176,0.4984,0.557,0.4969
10,13,False,0.5286200046539307,0.491100013256073,0.4383,0.4282,0.52028,0.4908,0.52976,0.4876,0.55406,0.4973,0.5675,0.4994,0.56154,0.4997
10,14,False,0.5316600203514099,0.4878000020980835,0.43688,0.4284,0.52374,0.492,0.5326,0.492,0.55546,0.4965,0.5697,0.5021,0.56454,0.4976
10,15,False,0.545740008354187,0.4934999942779541,0.4384,0.4281,0.52594,0.4902,0.53678,0.4885,0.56174,0.4952,0.57772,0.5041,0.57014,0.5011
10,16,False,0.5537199974060059,0.4973999857902527,0.43966,0.4258,0.5305,0.4894,0.54346,0.4905,0.57206,0.5016,0.5891,0.5077,0.58608,0.5035
10,17,False,0.5606600046157837,0.49219998717308044,0.4407,0.4297,0.52906,0.4928,0.54694,0.4938,0.57812,0.4976,0.59804,0.5048,0.5927,0.5029
10,18,False,0.5701199769973755,0.4821000099182129,0.44028,0.4294,0.5304,0.4933,0.5448,0.4871,0.57528,0.4935,0.59496,0.4942,0.58928,0.4967
10,19,False,0.5734000205993652,0.4864000082015991,0.4412,0.4296,0.53244,0.495,0.5519,0.4948,0.58456,0.4999,0.607,0.5048,0.60308,0.5049
10,20,False,0.5853000283241272,0.4975999891757965,0.44278,0.432,0.53578,0.4948,0.55592,0.4945,0.59134,0.5028,0.6163,0.5027,0.61356,0.5013
10,21,False,0.5900400280952454,0.4903999865055084,0.4408,0.4293,0.5329,0.4996,0.55308,0.4939,0.59056,0.5042,0.61544,0.5024,0.60868,0.5005
10,22,False,0.60316002368927,0.49970000982284546,0.44216,0.4325,0.53474,0.4992,0.5615,0.4954,0.60586,0.4986,0.63254,0.5012,0.63212,0.4993
10,23,False,0.6099200248718262,0.49380001425743103,0.44238,0.4301,0.53604,0.4986,0.56168,0.4925,0.60382,0.4969,0.63254,0.5026,0.63152,0.5002
10,24,False,0.6134600043296814,0.4932999908924103,0.44112,0.4313,0.5332,0.497,0.56376,0.4949,0.60862,0.499,0.64102,0.5026,0.64052,0.5001
10,25,False,0.6239200234413147,0.49320000410079956,0.44052,0.4299,0.53548,0.4983,0.56672,0.4969,0.61838,0.5029,0.65214,0.5025,0.65312,0.4983
10,26,False,0.6323999762535095,0.4862000048160553,0.44318,0.4309,0.5351,0.499,0.5652,0.4955,0.61326,0.4929,0.6493,0.4965,0.64946,0.4968
10,27,False,0.6412400007247925,0.4984000027179718,0.44132,0.4273,0.53484,0.5039,0.57222,0.4949,0.62624,0.5012,0.6663,0.5041,0.669,0.5013
10,28,False,0.6500800251960754,0.48989999294281006,0.44088,0.4311,0.53604,0.4976,0.57086,0.4979,0.62706,0.5005,0.66586,0.5017,0.6709,0.4969
10,29,False,0.6531999707221985,0.48559999465942383,0.44156,0.4322,0.53478,0.4977,0.56888,0.4937,0.62688,0.4965,0.6692,0.497,0.67274,0.4936
10,30,False,0.6640999913215637,0.4799000024795532,0.4415,0.4284,0.53526,0.4969,0.57198,0.4953,0.63146,0.4993,0.67786,0.497,0.67878,0.4923
10,31,False,0.6729999780654907,0.49050000309944153,0.44248,0.4303,0.5343,0.4955,0.57308,0.496,0.63392,0.4987,0.68284,0.4992,0.6858,0.4931
10,32,False,0.6743199825286865,0.48919999599456787,0.4409,0.4299,0.53784,0.4976,0.5779,0.4984,0.64316,0.498,0.69126,0.4941,0.6953,0.4954
10,33,False,0.6876400113105774,0.4844000041484833,0.44134,0.43,0.53708,0.5032,0.57672,0.4925,0.63878,0.4907,0.68704,0.4949,0.69194,0.4881
10,34,False,0.6926000118255615,0.483599990606308,0.44178,0.4271,0.5367,0.5007,0.58062,0.4959,0.64844,0.4935,0.70214,0.4929,0.70744,0.4892
10,35,False,0.7008600234985352,0.48350000381469727,0.44058,0.4271,0.53592,0.5004,0.58034,0.4907,0.64976,0.4919,0.70788,0.4947,0.71712,0.4893
10,36,False,0.7085999846458435,0.4749999940395355,0.44286,0.4317,0.53656,0.5011,0.57652,0.4946,0.64612,0.4886,0.7003,0.4894,0.7047,0.4821
10,37,False,0.7102199792861938,0.47450000047683716,0.44194,0.4318,0.53642,0.4999,0.5726,0.486,0.63542,0.491,0.69184,0.4878,0.69666,0.4804
10,38,False,0.7197800278663635,0.47369998693466187,0.44074,0.4277,0.53688,0.5007,0.57754,0.4945,0.65072,0.4924,0.71102,0.4893,0.71932,0.4805
10,39,False,0.724120020866394,0.4805999994277954,0.44026,0.4292,0.53596,0.4996,0.5763,0.4962,0.64452,0.4901,0.7039,0.4916,0.7134,0.4833
10,40,False,0.7302600145339966,0.47749999165534973,0.43972,0.4289,0.53622,0.4975,0.57958,0.4893,0.65082,0.4936,0.71118,0.495,0.72248,0.4816
10,41,False,0.7375199794769287,0.4740999937057495,0.44066,0.4301,0.53742,0.4929,0.57886,0.4918,0.64992,0.4845,0.71316,0.4906,0.72424,0.4799
10,42,False,0.7394599914550781,0.47839999198913574,0.44036,0.4289,0.53708,0.4996,0.58342,0.493,0.6594,0.4936,0.72812,0.4938,0.74274,0.4827
10,43,False,0.7450600266456604,0.4713999927043915,0.44052,0.4287,0.53766,0.4991,0.57992,0.4938,0.65438,0.491,0.72144,0.4881,0.73306,0.4734
10,44,False,0.7446200251579285,0.47620001435279846,0.44252,0.4311,0.53986,0.5011,0.58232,0.4884,0.65254,0.4891,0.71844,0.4926,0.73034,0.4786
10,45,False,0.7545999884605408,0.48559999465942383,0.44074,0.4274,0.53976,0.498,0.5864,0.493,0.66702,0.4905,0.73954,0.493,0.75766,0.4831
10,46,False,0.7649999856948853,0.4778999984264374,0.4408,0.4269,0.53558,0.4983,0.58294,0.4908,0.65648,0.4903,0.72804,0.4872,0.741,0.4782
10,47,False,0.7613999843597412,0.4805000126361847,0.43974,0.4294,0.53824,0.4975,0.58576,0.4923,0.6631,0.4891,0.74248,0.4886,0.7571,0.4803
10,48,False,0.7707800269126892,0.47870001196861267,0.43938,0.4306,0.53652,0.497,0.58324,0.491,0.66218,0.4879,0.7371,0.4844,0.75428,0.4767
10,49,False,0.7699999809265137,0.47360000014305115,0.4415,0.4305,0.53666,0.5016,0.58764,0.4949,0.6717,0.4913,0.75488,0.4896,0.77626,0.4795
10,50,False,0.7795799970626831,0.4693000018596649,0.43898,0.4271,0.53536,0.4932,0.5839,0.4919,0.66312,0.4923,0.74468,0.4861,0.76368,0.4781
10,51,False,0.7813199758529663,0.4812999963760376,0.44042,0.4303,0.53742,0.4933,0.58682,0.489,0.6708,0.486,0.75382,0.489,0.77374,0.4751
10,52,False,0.7856400012969971,0.4763999879360199,0.44044,0.431,0.53754,0.4922,0.58776,0.4897,0.66874,0.4876,0.75436,0.4852,0.77356,0.4739
10,53,False,0.7836599946022034,0.4731999933719635,0.4418,0.428,0.53746,0.4956,0.58684,0.4931,0.67112,0.4916,0.75828,0.4908,0.77872,0.4815
10,54,False,0.7933800220489502,0.47099998593330383,0.441,0.4307,0.53622,0.4957,0.58488,0.4905,0.66778,0.4867,0.75662,0.4852,0.7783,0.4717
10,55,False,0.791920006275177,0.4738999903202057,0.44126,0.4306,0.53592,0.4999,0.58546,0.4899,0.66754,0.4871,0.74956,0.4851,0.77064,0.4761
10,56,False,0.8006799817085266,0.4584999978542328,0.43784,0.4283,0.53602,0.4913,0.582,0.4895,0.66014,0.4811,0.73718,0.4729,0.75908,0.4608
10,57,False,0.8075000047683716,0.46700000762939453,0.44106,0.4306,0.53842,0.5006,0.58764,0.4879,0.67066,0.4902,0.75758,0.4817,0.78854,0.4728
10,58,False,0.8071200251579285,0.46779999136924744,0.44138,0.43,0.53544,0.4947,0.5866,0.491,0.67344,0.4872,0.76406,0.4811,0.79042,0.4656
10,59,False,0.8060799837112427,0.4684000015258789,0.44202,0.4283,0.53972,0.4957,0.59108,0.494,0.68118,0.4931,0.77634,0.4866,0.806,0.4728
10,60,False,0.8122400045394897,0.47279998660087585,0.4408,0.4274,0.5363,0.4933,0.58822,0.4937,0.67182,0.4913,0.7638,0.486,0.79114,0.4736
10,61,False,0.8160600066184998,0.4763000011444092,0.44024,0.4264,0.53584,0.4951,0.59186,0.4959,0.68068,0.4963,0.77168,0.4873,0.8033,0.4738
10,62,False,0.8189799785614014,0.460999995470047,0.44006,0.4282,0.5361,0.4957,0.58778,0.4916,0.67314,0.4877,0.76572,0.4819,0.79338,0.4669
10,63,False,0.8252000212669373,0.4650999903678894,0.43986,0.4271,0.53834,0.4958,0.58644,0.4893,0.67324,0.4891,0.76598,0.482,0.79362,0.4721
10,64,False,0.8228600025177002,0.46560001373291016,0.44246,0.4284,0.53682,0.4966,0.58914,0.4888,0.6758,0.492,0.77314,0.477,0.80384,0.4651
10,65,False,0.8269799947738647,0.46549999713897705,0.44158,0.4284,0.53498,0.4933,0.58794,0.4868,0.67422,0.4848,0.76924,0.4771,0.79798,0.4609
10,66,False,0.8203399777412415,0.47099998593330383,0.4407,0.4289,0.53602,0.4971,0.59072,0.4914,0.68488,0.486,0.78534,0.4853,0.819,0.4683
10,67,False,0.8330600261688232,0.4677000045776367,0.43996,0.4287,0.53678,0.4925,0.5892,0.4924,0.67398,0.4903,0.7736,0.4847,0.79996,0.4673
10,68,False,0.835099995136261,0.46650001406669617,0.44166,0.4293,0.53732,0.4949,0.59464,0.4894,0.68548,0.4902,0.79164,0.4843,0.82548,0.4733
10,69,False,0.831279993057251,0.4684000015258789,0.43924,0.4305,0.53458,0.4936,0.58742,0.4916,0.67528,0.4907,0.77018,0.4795,0.79936,0.466
10,70,False,0.8379600048065186,0.46959999203681946,0.44012,0.429,0.53548,0.4928,0.5885,0.4952,0.68254,0.4899,0.7844,0.4857,0.81592,0.4668
10,71,False,0.8423200249671936,0.4690999984741211,0.4407,0.4295,0.5366,0.4976,0.58956,0.493,0.68034,0.4944,0.7848,0.485,0.82088,0.4669
10,72,False,0.8349800109863281,0.4636000096797943,0.44094,0.4318,0.53728,0.4976,0.59002,0.4929,0.68182,0.4878,0.7835,0.4818,0.81466,0.4656
10,73,False,0.8413000106811523,0.46470001339912415,0.4399,0.4307,0.53404,0.4953,0.58982,0.4859,0.67566,0.4846,0.77982,0.481,0.81486,0.4646
10,74,False,0.8482999801635742,0.46950000524520874,0.43998,0.4283,0.53764,0.4954,0.59388,0.4914,0.68702,0.493,0.79808,0.4812,0.83648,0.4603
10,75,False,0.8487600088119507,0.46239998936653137,0.44052,0.43,0.5352,0.4953,0.59026,0.4891,0.68196,0.4887,0.7889,0.4785,0.8231,0.4663
10,76,False,0.8480799794197083,0.4643000066280365,0.44038,0.4287,0.53552,0.4964,0.58886,0.4862,0.68488,0.4892,0.7907,0.4816,0.82714,0.4666
10,77,False,0.8548600077629089,0.4717000126838684,0.44078,0.4294,0.53634,0.4971,0.59306,0.4874,0.69104,0.4935,0.80408,0.4837,0.84768,0.4661
10,78,False,0.8478800058364868,0.4625999927520752,0.44022,0.4295,0.53426,0.4914,0.58812,0.4874,0.68212,0.4863,0.7893,0.4813,0.8303,0.463
10,79,False,0.8566399812698364,0.4693000018596649,0.44082,0.4303,0.53568,0.49,0.58922,0.4898,0.68526,0.4883,0.79564,0.4798,0.83614,0.4709
10,80,False,0.8527200222015381,0.4675999879837036,0.44064,0.4289,0.53662,0.4933,0.58542,0.4913,0.6795,0.4912,0.78368,0.4843,0.81368,0.4635
10,81,False,0.8585600256919861,0.4641000032424927,0.44058,0.4295,0.53502,0.4949,0.59214,0.4929,0.68766,0.4898,0.80732,0.4766,0.84528,0.4669
10,82,False,0.8612200021743774,0.47189998626708984,0.43988,0.4284,0.53578,0.4941,0.5891,0.4939,0.68518,0.4881,0.799,0.4831,0.84232,0.4656
10,83,False,0.8636400103569031,0.4641999900341034,0.4398,0.4309,0.53454,0.4926,0.59102,0.4914,0.68764,0.4914,0.8011,0.4819,0.83854,0.4586
10,84,False,0.8660799860954285,0.46459999680519104,0.43938,0.4291,0.53404,0.493,0.58812,0.4889,0.68154,0.486,0.78864,0.4803,0.83162,0.4661
10,85,False,0.8670399785041809,0.4544999897480011,0.44026,0.4282,0.53658,0.4953,0.58868,0.4915,0.67946,0.4893,0.7842,0.479,0.8211,0.4577
10,86,False,0.8662999868392944,0.4607999920845032,0.4412,0.4286,0.53524,0.4982,0.58964,0.4868,0.68186,0.4857,0.79452,0.4796,0.83836,0.4616
10,87,False,0.8633400201797485,0.4697999954223633,0.44016,0.4289,0.53586,0.4962,0.59206,0.4882,0.6873,0.4903,0.79958,0.486,0.84376,0.4666
10,88,False,0.8652999997138977,0.460999995470047,0.43882,0.4306,0.5324,0.4925,0.58694,0.4825,0.6727,0.4841,0.7759,0.4795,0.8073,0.4615
10,89,False,0.8707799911499023,0.45019999146461487,0.438,0.4261,0.53388,0.4948,0.5829,0.4844,0.66574,0.4882,0.76368,0.4802,0.79054,0.4535
10,90,False,0.8693400025367737,0.4620000123977661,0.43996,0.4308,0.53544,0.4946,0.59178,0.4879,0.68762,0.4888,0.8014,0.4817,0.84166,0.464
10,91,False,0.8682600259780884,0.46219998598098755,0.4394,0.4286,0.53498,0.4956,0.58836,0.4883,0.68368,0.4923,0.79452,0.476,0.84006,0.4621
10,92,False,0.8652200102806091,0.4593999981880188,0.43926,0.4281,0.53556,0.4954,0.59138,0.4888,0.68456,0.4902,0.80348,0.4802,0.8486,0.4579
10,93,False,0.8758400082588196,0.46959999203681946,0.44018,0.4276,0.5363,0.4949,0.59364,0.4875,0.69366,0.4898,0.81476,0.4838,0.8663,0.472
10,94,False,0.8707600235939026,0.4677000045776367,0.44052,0.429,0.53522,0.4959,0.59232,0.4922,0.6908,0.4897,0.80828,0.4787,0.85326,0.4647
10,95,False,0.8803600072860718,0.45739999413490295,0.43886,0.4265,0.53548,0.4969,0.58714,0.4835,0.68346,0.4837,0.79656,0.4775,0.83646,0.4542
10,96,False,0.875760018825531,0.4747999906539917,0.44136,0.4291,0.53678,0.4929,0.59006,0.4902,0.68772,0.4886,0.80992,0.4815,0.85508,0.4673
10,97,False,0.8729000091552734,0.4645000100135803,0.44106,0.4273,0.5344,0.4954,0.59146,0.4911,0.69322,0.4895,0.8153,0.4765,0.86334,0.4565
10,98,False,0.8839600086212158,0.4611999988555908,0.43956,0.4283,0.53432,0.493,0.59018,0.4872,0.68562,0.4881,0.8037,0.4807,0.84868,0.4568
10,99,False,0.8809400200843811,0.4584999978542328,0.4405,0.4286,0.53568,0.4962,0.5889,0.4856,0.6818,0.484,0.80084,0.4737,0.84066,0.4593
10,100,False,0.8784599900245667,0.45899999141693115,0.4401,0.4284,0.53314,0.4933,0.58732,0.4847,0.67978,0.4849,0.7943,0.4737,0.83542,0.453
11,0,False,0.09027999639511108,0.09179999679327011,0.39678,0.3867,0.4212,0.4057,0.37546,0.3663,0.36386,0.3563,0.38348,0.3606,0.3512,0.3365
11,1,False,0.29409998655319214,0.3192000091075897,0.37108,0.3675,0.42158,0.4157,0.38766,0.3899,0.3939,0.3918,0.4008,0.3952,0.38222,0.3841
11,2,False,0.3637799918651581,0.37549999356269836,0.39106,0.3926,0.44544,0.4388,0.41928,0.4136,0.42688,0.4193,0.43464,0.4225,0.42112,0.4205
11,3,False,0.3955000042915344,0.40720000863075256,0.39822,0.3997,0.46006,0.4471,0.43988,0.4349,0.44734,0.4386,0.4552,0.4456,0.4419,0.4376
11,4,False,0.42013999819755554,0.43549999594688416,0.41022,0.408,0.47488,0.4594,0.45894,0.4501,0.4681,0.4546,0.47456,0.4631,0.46344,0.4565
11,5,False,0.4393399953842163,0.44670000672340393,0.41338,0.4119,0.4844,0.472,0.4728,0.4618,0.48434,0.4692,0.48936,0.4748,0.4787,0.4718
11,6,False,0.45142000913619995,0.4422999918460846,0.41672,0.4161,0.48738,0.4729,0.47262,0.4596,0.48732,0.4719,0.49766,0.4764,0.48512,0.4735
11,7,False,0.468860000371933,0.4544000029563904,0.42054,0.4173,0.4979,0.4794,0.49092,0.471,0.50214,0.4831,0.51212,0.4868,0.50104,0.4816
11,8,False,0.4783399999141693,0.4449999928474426,0.426,0.4261,0.50176,0.4875,0.49716,0.4764,0.51002,0.4793,0.51544,0.4849,0.50642,0.4838
11,9,False,0.4877200126647949,0.4821999967098236,0.4244,0.4208,0.50744,0.4848,0.50796,0.4789,0.5227,0.4886,0.53172,0.4911,0.5248,0.49
11,10,False,0.4993000030517578,0.4717999994754791,0.42506,0.4199,0.50916,0.4819,0.51392,0.4882,0.52902,0.4921,0.53742,0.4961,0.52982,0.4921
11,11,False,0.5080000162124634,0.4772000014781952,0.42914,0.421,0.51484,0.4909,0.5222,0.4891,0.53782,0.4953,0.54534,0.4952,0.54026,0.4913
11,12,False,0.516759991645813,0.49540001153945923,0.42936,0.4231,0.51598,0.4905,0.52986,0.4922,0.54916,0.5001,0.5607,0.5028,0.55822,0.5035
11,13,False,0.5255600214004517,0.482699990272522,0.43368,0.4216,0.51692,0.486,0.52822,0.4846,0.54934,0.4925,0.56026,0.4983,0.55514,0.4946
11,14,False,0.5313799977302551,0.48350000381469727,0.43348,0.4238,0.51928,0.4899,0.53706,0.4913,0.55876,0.4998,0.56908,0.503,0.56582,0.5026
11,15,False,0.5393199920654297,0.4934999942779541,0.4333,0.4233,0.5241,0.4945,0.54544,0.4958,0.56822,0.5015,0.5827,0.5027,0.57838,0.5021
11,16,False,0.5504599809646606,0.4903999865055084,0.43196,0.4223,0.52542,0.4905,0.54738,0.4951,0.57232,0.5013,0.58726,0.5036,0.5821,0.5004
11,17,False,0.5604000091552734,0.49390000104904175,0.43136,0.4206,0.52632,0.491,0.5503,0.4969,0.57776,0.5041,0.59604,0.5083,0.5934,0.5074
11,18,False,0.5646600127220154,0.4902999997138977,0.43178,0.4194,0.52522,0.4907,0.54954,0.4923,0.58082,0.5026,0.5955,0.5056,0.59158,0.5067
11,19,False,0.5713199973106384,0.4912000000476837,0.43162,0.4228,0.52762,0.4882,0.5525,0.4981,0.5801,0.505,0.59934,0.5063,0.59544,0.5023
11,20,False,0.579259991645813,0.4916999936103821,0.43162,0.4223,0.52816,0.4915,0.55482,0.4931,0.58394,0.5001,0.60436,0.5038,0.60322,0.5013
11,21,False,0.588699996471405,0.4999000132083893,0.43408,0.4235,0.53122,0.4887,0.56434,0.493,0.60232,0.5025,0.62518,0.5049,0.62546,0.5033
11,22,False,0.5956799983978271,0.4952999949455261,0.43348,0.4228,0.53232,0.4936,0.5669,0.4963,0.59954,0.5041,0.6257,0.5083,0.62574,0.5052
11,23,False,0.607200026512146,0.4871000051498413,0.43354,0.4233,0.53194,0.4895,0.56848,0.4954,0.6012,0.5003,0.627,0.5006,0.62384,0.4958
11,24,False,0.6125400066375732,0.4986000061035156,0.4328,0.4206,0.5322,0.4933,0.572,0.4969,0.61892,0.5066,0.64632,0.5074,0.64836,0.502
11,25,False,0.6207000017166138,0.49799999594688416,0.43308,0.4194,0.53204,0.4916,0.5663,0.4911,0.60832,0.5007,0.63952,0.505,0.63854,0.5046
11,26,False,0.6333400011062622,0.4950999915599823,0.43346,0.4229,0.53294,0.4927,0.5759,0.4978,0.62026,0.4993,0.65926,0.5011,0.66078,0.498
11,27,False,0.6358000040054321,0.4927999973297119,0.4318,0.4212,0.53316,0.4899,0.57438,0.4965,0.6186,0.4951,0.65722,0.5006,0.66024,0.4979
11,28,False,0.6426799893379211,0.48510000109672546,0.4323,0.4212,0.5327,0.4926,0.57476,0.4938,0.61354,0.4958,0.64988,0.4972,0.64936,0.4881
11,29,False,0.6539000272750854,0.47999998927116394,0.43138,0.4215,0.53062,0.4918,0.56894,0.4931,0.6096,0.4929,0.6458,0.4913,0.64838,0.4878
11,30,False,0.6595600247383118,0.48510000109672546,0.43244,0.4235,0.5326,0.4949,0.5732,0.4958,0.61438,0.4967,0.65904,0.4947,0.66056,0.4905
11,31,False,0.6702600121498108,0.48339998722076416,0.43292,0.4213,0.5328,0.4936,0.58104,0.4955,0.63016,0.4941,0.67548,0.4936,0.68188,0.49
11,32,False,0.6769599914550781,0.49160000681877136,0.43374,0.4246,0.53324,0.4931,0.5818,0.4977,0.63292,0.4955,0.68416,0.504,0.68832,0.4955
11,33,False,0.6869400143623352,0.48829999566078186,0.43264,0.4217,0.53562,0.4974,0.58332,0.494,0.6397,0.5002,0.69162,0.4993,0.70094,0.492
11,34,False,0.6902400255203247,0.4869000017642975,0.43214,0.422,0.53372,0.4944,0.58384,0.4963,0.638,0.4954,0.6948,0.4972,0.70112,0.4938
11,35,False,0.6973999738693237,0.4787999987602234,0.43322,0.4193,0.53394,0.4946,0.58122,0.4986,0.63474,0.4942,0.68916,0.4969,0.69778,0.4877
11,36,False,0.7042199969291687,0.4788999855518341,0.43114,0.4216,0.53384,0.4976,0.58142,0.5002,0.63158,0.4923,0.68684,0.4903,0.69352,0.4856
11,37,False,0.710860013961792,0.4787999987602234,0.43336,0.4211,0.5338,0.4947,0.58372,0.4901,0.64186,0.4925,0.69998,0.4943,0.70796,0.4881
11,38,False,0.7173399925231934,0.4749999940395355,0.43304,0.4225,0.53302,0.4952,0.57962,0.4914,0.63494,0.4906,0.69194,0.482,0.70218,0.476
11,39,False,0.7250000238418579,0.48339998722076416,0.43106,0.4221,0.53428,0.4949,0.58356,0.4938,0.64106,0.4955,0.70866,0.4992,0.71858,0.4853
11,40,False,0.7270399928092957,0.47200000286102295,0.43294,0.4226,0.53468,0.4941,0.58664,0.4897,0.64938,0.49,0.71498,0.4893,0.73012,0.476
11,41,False,0.7388200163841248,0.4715999960899353,0.43234,0.4215,0.5328,0.4914,0.58738,0.495,0.65092,0.4938,0.7162,0.4911,0.73138,0.479
11,42,False,0.7404800057411194,0.47350001335144043,0.43136,0.4206,0.5338,0.4911,0.58784,0.4897,0.65208,0.4885,0.72214,0.4825,0.73586,0.48
11,43,False,0.7479199767112732,0.48019999265670776,0.43162,0.4226,0.53322,0.4894,0.58896,0.4918,0.65038,0.4973,0.7229,0.4973,0.7394,0.4821
11,44,False,0.7516599893569946,0.47130000591278076,0.43184,0.42,0.53444,0.4943,0.58798,0.4913,0.65024,0.4887,0.7214,0.4877,0.73634,0.475
11,45,False,0.7543399930000305,0.4717000126838684,0.432,0.4206,0.53068,0.4932,0.58838,0.4886,0.65202,0.4872,0.72458,0.486,0.74372,0.4749
11,46,False,0.7571200132369995,0.4749999940395355,0.4319,0.4227,0.53308,0.4937,0.5861,0.4929,0.6535,0.4911,0.72664,0.4873,0.74498,0.4785
11,47,False,0.7665200233459473,0.4787999987602234,0.43258,0.4217,0.53416,0.4941,0.59158,0.4948,0.6588,0.4945,0.73476,0.4933,0.75522,0.483
11,48,False,0.7705600261688232,0.4846000075340271,0.43174,0.4198,0.53294,0.4939,0.58882,0.4977,0.65468,0.4939,0.73278,0.4981,0.75016,0.4882
11,49,False,0.7725200057029724,0.47369998693466187,0.43222,0.4238,0.53456,0.4973,0.593,0.4937,0.66126,0.4969,0.7441,0.4913,0.7647,0.4782
11,50,False,0.7851399779319763,0.47360000014305115,0.4336,0.4221,0.534,0.4957,0.5906,0.495,0.66364,0.4913,0.75122,0.4933,0.77648,0.4745
11,51,False,0.7854599952697754,0.46889999508857727,0.43244,0.4228,0.53322,0.4897,0.5901,0.491,0.65368,0.4914,0.73414,0.4827,0.7544,0.4767
11,52,False,0.7869799733161926,0.4805000126361847,0.43208,0.4227,0.53418,0.4976,0.59132,0.4909,0.66296,0.4915,0.75188,0.4912,0.77836,0.4804
11,53,False,0.7980800271034241,0.46790000796318054,0.4321,0.4214,0.5328,0.4928,0.59034,0.4928,0.6592,0.4913,0.7435,0.4886,0.76796,0.4783
11,54,False,0.798039972782135,0.47290000319480896,0.43198,0.4221,0.53434,0.4927,0.5928,0.4881,0.66962,0.4858,0.76344,0.4877,0.7912,0.4709
11,55,False,0.7932000160217285,0.4747999906539917,0.43344,0.4205,0.53406,0.4951,0.58988,0.495,0.66464,0.4924,0.75526,0.487,0.7799,0.4788
11,56,False,0.8092399835586548,0.4684999883174896,0.43338,0.4218,0.53428,0.4937,0.59332,0.4949,0.66774,0.4915,0.7565,0.4861,0.78634,0.4713
11,57,False,0.8104599714279175,0.46950000524520874,0.43284,0.4232,0.53194,0.4909,0.58886,0.4933,0.65426,0.4925,0.73772,0.4866,0.76004,0.4669
11,58,False,0.8054599761962891,0.4641000032424927,0.43228,0.4185,0.53218,0.4926,0.5928,0.492,0.66198,0.4897,0.74282,0.4846,0.76984,0.468
11,59,False,0.8108800053596497,0.46860000491142273,0.43274,0.419,0.5325,0.4933,0.59122,0.4871,0.66346,0.4898,0.75712,0.4895,0.78434,0.4773
11,60,False,0.8078200221061707,0.4724000096321106,0.43228,0.4212,0.53392,0.4924,0.59086,0.4913,0.66836,0.4925,0.7682,0.4894,0.79744,0.4755
11,61,False,0.8194000124931335,0.4580000042915344,0.4313,0.4201,0.53118,0.4919,0.58412,0.4853,0.65522,0.4837,0.74002,0.484,0.76242,0.4684
11,62,False,0.821940004825592,0.4726000130176544,0.43352,0.4208,0.5335,0.4935,0.59256,0.494,0.67256,0.4956,0.7775,0.4899,0.81058,0.4765
11,63,False,0.8218200206756592,0.4627000093460083,0.43148,0.4205,0.53222,0.4953,0.58388,0.4882,0.6516,0.4874,0.73768,0.4848,0.76214,0.4717
11,64,False,0.8297799825668335,0.46810001134872437,0.43214,0.423,0.53308,0.4948,0.59374,0.491,0.67534,0.4893,0.77976,0.4847,0.81338,0.4712
11,65,False,0.8301399946212769,0.47130000591278076,0.43304,0.4211,0.53358,0.4937,0.59378,0.4888,0.67668,0.4909,0.78304,0.4855,0.82528,0.4743
11,66,False,0.8320199847221375,0.46720001101493835,0.43224,0.4213,0.53326,0.4945,0.59144,0.4931,0.6621,0.492,0.76032,0.4863,0.78794,0.4704
11,67,False,0.8303999900817871,0.46540001034736633,0.43264,0.4221,0.5312,0.4904,0.5882,0.4908,0.66354,0.493,0.75458,0.4809,0.7913,0.4712
11,68,False,0.8364999890327454,0.4706999957561493,0.43046,0.4226,0.53216,0.4939,0.59192,0.4919,0.67102,0.4917,0.77498,0.4872,0.8093,0.4729
11,69,False,0.840179979801178,0.4715000092983246,0.43146,0.4241,0.53292,0.4934,0.59148,0.4954,0.66962,0.492,0.77466,0.4843,0.81542,0.4684
11,70,False,0.8369399905204773,0.46149998903274536,0.43138,0.4233,0.53156,0.4928,0.59092,0.4915,0.66456,0.49,0.75626,0.4876,0.79374,0.47
11,71,False,0.8433799743652344,0.4708999991416931,0.4321,0.4226,0.5334,0.4929,0.5922,0.4932,0.67302,0.4902,0.78202,0.487,0.82444,0.4779
11,72,False,0.8468999862670898,0.4627000093460083,0.4294,0.4205,0.53196,0.4914,0.58704,0.488,0.66112,0.4883,0.7563,0.4842,0.7925,0.4697
11,73,False,0.8438799977302551,0.4641999900341034,0.43238,0.4187,0.53456,0.4935,0.59226,0.4903,0.66818,0.4878,0.76678,0.4855,0.80694,0.4696
11,74,False,0.8453999757766724,0.46560001373291016,0.43292,0.4205,0.53258,0.4936,0.5943,0.4871,0.67382,0.4844,0.78468,0.4765,0.83156,0.4653
11,75,False,0.8511199951171875,0.4668999910354614,0.43188,0.4178,0.5321,0.4927,0.59696,0.4876,0.6747,0.489,0.78782,0.4859,0.83428,0.4666
11,76,False,0.8482400178909302,0.46230000257492065,0.4314,0.419,0.53336,0.4938,0.59468,0.4913,0.67436,0.4948,0.7852,0.4811,0.8334,0.4645
11,77,False,0.855239987373352,0.4657000005245209,0.43182,0.4196,0.53198,0.4882,0.59388,0.4912,0.6767,0.4867,0.7816,0.4815,0.83084,0.4655
11,78,False,0.8559799790382385,0.4708000123500824,0.43122,0.4189,0.5315,0.4904,0.5923,0.4893,0.67288,0.4905,0.78096,0.4881,0.82752,0.4701
11,79,False,0.8578400015830994,0.46239998936653137,0.43076,0.4196,0.53124,0.4944,0.59222,0.4903,0.67348,0.4915,0.78214,0.4803,0.82792,0.4617
11,80,False,0.855459988117218,0.45719999074935913,0.43254,0.4204,0.5312,0.4932,0.59162,0.4868,0.671,0.4907,0.7781,0.4765,0.82162,0.4638
11,81,False,0.8619599938392639,0.4632999897003174,0.4327,0.4187,0.5333,0.4925,0.59624,0.4934,0.68118,0.4919,0.79846,0.4793,0.85232,0.4642
11,82,False,0.8622400164604187,0.4636000096797943,0.42986,0.4203,0.53396,0.4914,0.59584,0.4872,0.68214,0.4851,0.80106,0.484,0.85214,0.4677
11,83,False,0.8620200157165527,0.46149998903274536,0.43194,0.4192,0.53086,0.4903,0.59224,0.4884,0.67226,0.4858,0.77794,0.4827,0.82222,0.4654
11,84,False,0.8649600148200989,0.4659000039100647,0.4329,0.4182,0.5336,0.492,0.59352,0.484,0.67398,0.4866,0.78346,0.4831,0.83356,0.4646
11,85,False,0.8658400177955627,0.46050000190734863,0.4297,0.416,0.53204,0.4914,0.59274,0.4866,0.67432,0.4852,0.78686,0.4788,0.83616,0.4634
11,86,False,0.8667200207710266,0.4580000042915344,0.43122,0.4189,0.53354,0.4961,0.5943,0.4874,0.676,0.4876,0.78954,0.483,0.83856,0.4608
11,87,False,0.8622400164604187,0.45570001006126404,0.43094,0.4166,0.53202,0.4887,0.59204,0.4861,0.6749,0.4885,0.78118,0.4797,0.8288,0.4614
11,88,False,0.8718400001525879,0.4602999985218048,0.43246,0.4213,0.5324,0.4938,0.58962,0.4894,0.67038,0.4922,0.777,0.4788,0.82576,0.4679
11,89,False,0.8722400069236755,0.4666999876499176,0.43018,0.4177,0.5334,0.4899,0.59306,0.4893,0.6811,0.4913,0.80552,0.483,0.8604,0.4638
11,90,False,0.873740017414093,0.4480000138282776,0.43058,0.4191,0.53116,0.4894,0.59372,0.4918,0.67586,0.4887,0.78866,0.4822,0.84146,0.4625
11,91,False,0.8744800090789795,0.4618000090122223,0.4304,0.4168,0.53132,0.4926,0.59336,0.4902,0.67428,0.4866,0.7905,0.4767,0.84064,0.461
11,92,False,0.8723999857902527,0.4636000096797943,0.43074,0.4189,0.53124,0.4944,0.59436,0.4874,0.68248,0.4877,0.8003,0.4795,0.85648,0.4623
11,93,False,0.8745399713516235,0.46459999680519104,0.4309,0.4201,0.53158,0.4928,0.5918,0.4833,0.67306,0.4848,0.78922,0.4782,0.83748,0.4645
11,94,False,0.8742799758911133,0.461899995803833,0.4311,0.4184,0.53286,0.493,0.59582,0.4886,0.68184,0.4876,0.80352,0.4836,0.86232,0.461
11,95,False,0.8776999711990356,0.46149998903274536,0.43162,0.421,0.53222,0.4933,0.59516,0.4883,0.678,0.4902,0.79904,0.4755,0.85364,0.4612
11,96,False,0.8761199712753296,0.4659000039100647,0.43066,0.4201,0.53268,0.4931,0.59668,0.4886,0.67824,0.4899,0.8003,0.4841,0.85942,0.4674
11,97,False,0.8776199817657471,0.46050000190734863,0.43064,0.4182,0.53192,0.4898,0.59364,0.4845,0.68042,0.4855,0.80516,0.4832,0.86258,0.4593
11,98,False,0.8823999762535095,0.45840001106262207,0.4304,0.4165,0.53178,0.4896,0.59156,0.4869,0.6709,0.4861,0.78822,0.4795,0.83442,0.4581
11,99,False,0.8827400207519531,0.4645000100135803,0.4305,0.4182,0.53208,0.4926,0.59556,0.4839,0.68844,0.4841,0.81392,0.4788,0.87658,0.4641
11,100,False,0.8885599970817566,0.451200008392334,0.43146,0.4183,0.53076,0.4915,0.59218,0.4864,0.67946,0.4853,0.79448,0.4783,0.84816,0.4531
12,0,False,0.11302000284194946,0.11540000140666962,0.39648,0.3877,0.42012,0.4021,0.38046,0.3678,0.3683,0.3667,0.38632,0.3685,0.35452,0.3526
12,1,False,0.2918800115585327,0.35429999232292175,0.36496,0.3641,0.42176,0.411,0.39442,0.3937,0.399,0.3916,0.4099,0.3992,0.39342,0.3897
12,2,False,0.3637399971485138,0.39309999346733093,0.38164,0.3869,0.44464,0.4332,0.42372,0.4223,0.4273,0.4267,0.43366,0.426,0.42334,0.4209
12,3,False,0.39989998936653137,0.40220001339912415,0.39062,0.3932,0.45754,0.4486,0.44092,0.4375,0.44568,0.4413,0.45444,0.4458,0.44172,0.4358
12,4,False,0.41947999596595764,0.40230000019073486,0.39444,0.3932,0.47022,0.4584,0.45072,0.4483,0.45814,0.4527,0.46534,0.4597,0.45652,0.4491
12,5,False,0.43290001153945923,0.4512999951839447,0.39744,0.3975,0.48016,0.4687,0.4687,0.4571,0.4802,0.4656,0.48884,0.4735,0.48058,0.4686
12,6,False,0.451119989156723,0.4309000074863434,0.39848,0.399,0.48058,0.4661,0.4704,0.4566,0.48182,0.467,0.48894,0.4677,0.48178,0.4641
12,7,False,0.46209999918937683,0.4489000141620636,0.40378,0.403,0.48868,0.4747,0.4814,0.4636,0.49354,0.4754,0.50302,0.4762,0.4956,0.4751
12,8,False,0.4674200117588043,0.4251999855041504,0.40466,0.4008,0.4908,0.4777,0.47864,0.4621,0.48892,0.4673,0.50184,0.4741,0.49286,0.4699
12,9,False,0.4779599905014038,0.46700000762939453,0.40286,0.4017,0.49394,0.4749,0.4898,0.4749,0.50466,0.4787,0.51788,0.4848,0.51198,0.4807
12,10,False,0.4843200147151947,0.4706000089645386,0.40546,0.4004,0.496,0.4739,0.4952,0.4767,0.51008,0.4796,0.52372,0.4873,0.51504,0.4846
12,11,False,0.495279997587204,0.4668999910354614,0.40532,0.3996,0.49912,0.4771,0.49966,0.4785,0.51442,0.4788,0.52864,0.4913,0.5218,0.4861
12,12,False,0.5021399855613708,0.46320000290870667,0.40604,0.4008,0.49938,0.4725,0.5018,0.4769,0.51714,0.4784,0.53286,0.4878,0.52506,0.4832
12,13,False,0.5084400177001953,0.4641000032424927,0.40874,0.401,0.50168,0.4763,0.50738,0.4755,0.527,0.4834,0.54126,0.4892,0.53746,0.4811
12,14,False,0.5160800218582153,0.4756999909877777,0.407,0.4042,0.5053,0.4771,0.51588,0.4829,0.5351,0.4889,0.55762,0.4903,0.55198,0.4911
12,15,False,0.5230600237846375,0.4603999853134155,0.40702,0.4025,0.50498,0.4719,0.51286,0.4724,0.5343,0.4781,0.551,0.4874,0.54418,0.482
12,16,False,0.5305399894714355,0.46869999170303345,0.40928,0.4018,0.50704,0.4763,0.51728,0.4814,0.54328,0.4791,0.56248,0.488,0.55866,0.4854
12,17,False,0.5403599739074707,0.47859999537467957,0.4086,0.4022,0.50806,0.4785,0.52228,0.4796,0.55332,0.4836,0.57336,0.4878,0.56968,0.4879
12,18,False,0.5412799715995789,0.47679999470710754,0.40876,0.4026,0.50854,0.4776,0.52222,0.4861,0.55074,0.4769,0.57366,0.4859,0.57178,0.4868
12,19,False,0.549019992351532,0.47839999198913574,0.40898,0.4021,0.50858,0.4757,0.5246,0.4817,0.55376,0.4847,0.57876,0.4906,0.57826,0.487
12,20,False,0.5573999881744385,0.48159998655319214,0.40924,0.4051,0.50982,0.48,0.52582,0.4817,0.5618,0.4855,0.58662,0.4883,0.58412,0.4919
12,21,False,0.5671200156211853,0.4643000066280365,0.40876,0.4036,0.50604,0.4767,0.5208,0.475,0.55236,0.4715,0.58222,0.4809,0.57726,0.4799
12,22,False,0.5746600031852722,0.4828999936580658,0.40856,0.4032,0.51028,0.4721,0.52908,0.4809,0.56746,0.4866,0.59888,0.4888,0.59828,0.4869
12,23,False,0.5802000164985657,0.4706000089645386,0.40938,0.4044,0.51052,0.4732,0.52884,0.4785,0.56664,0.4811,0.60194,0.4869,0.599,0.4864
12,24,False,0.5855200290679932,0.47290000319480896,0.4093,0.4041,0.51064,0.4771,0.52954,0.4801,0.57008,0.4807,0.60996,0.4875,0.60952,0.4854
12,25,False,0.5882599949836731,0.4697999954223633,0.40844,0.4057,0.50888,0.4751,0.52802,0.4766,0.56926,0.4792,0.60612,0.4799,0.60794,0.4743
12,26,False,0.598039984703064,0.4814000129699707,0.40948,0.4046,0.50984,0.4779,0.53294,0.4801,0.5789,0.4816,0.62078,0.4879,0.62472,0.487
12,27,False,0.6115800142288208,0.475600004196167,0.40994,0.4042,0.51164,0.4731,0.53712,0.4817,0.58556,0.487,0.63132,0.4846,0.6366,0.4816
12,28,False,0.6149799823760986,0.4645000100135803,0.4103,0.403,0.51018,0.4801,0.53698,0.4828,0.58614,0.4776,0.63446,0.4771,0.63832,0.4759
12,29,False,0.618120014667511,0.4668000042438507,0.40954,0.4021,0.51136,0.4785,0.53904,0.4829,0.59012,0.4845,0.64032,0.4806,0.64628,0.4739
12,30,False,0.6302800178527832,0.45719999074935913,0.40852,0.4009,0.5095,0.476,0.53454,0.4796,0.57652,0.4787,0.61998,0.4779,0.61838,0.4712
12,31,False,0.6412000060081482,0.47440001368522644,0.40928,0.4029,0.51212,0.4797,0.53868,0.4839,0.58678,0.4807,0.64344,0.4822,0.648,0.4788
12,32,False,0.6443799734115601,0.4740000069141388,0.40904,0.4005,0.51074,0.4773,0.53582,0.477,0.59128,0.4781,0.64576,0.4777,0.65442,0.4747
12,33,False,0.6563799977302551,0.47130000591278076,0.40882,0.4033,0.5101,0.4786,0.5364,0.4762,0.59302,0.4815,0.65266,0.479,0.66134,0.4739
12,34,False,0.6591200232505798,0.47589999437332153,0.4078,0.4033,0.51132,0.4817,0.53732,0.4822,0.59602,0.4836,0.65956,0.4818,0.67128,0.4797
12,35,False,0.666920006275177,0.45080000162124634,0.40898,0.4051,0.51104,0.4781,0.53136,0.4732,0.5836,0.4749,0.63972,0.4711,0.64552,0.466
12,36,False,0.6730200052261353,0.47040000557899475,0.4076,0.401,0.51062,0.4764,0.53724,0.4773,0.59266,0.4808,0.6583,0.4773,0.67126,0.4793
12,37,False,0.6782400012016296,0.4586000144481659,0.4079,0.4024,0.51258,0.4788,0.53918,0.4787,0.5996,0.4743,0.66656,0.4792,0.68296,0.4729
12,38,False,0.6809999942779541,0.45489999651908875,0.40884,0.4046,0.5101,0.4774,0.53754,0.4745,0.59656,0.4791,0.66274,0.479,0.67358,0.4697
12,39,False,0.6942600011825562,0.4578000009059906,0.40844,0.4025,0.51288,0.481,0.54122,0.477,0.60506,0.4782,0.68104,0.4758,0.69758,0.4731
12,40,False,0.6978800296783447,0.4595000147819519,0.40814,0.404,0.51162,0.4788,0.5414,0.4776,0.60398,0.4797,0.67992,0.4778,0.6926,0.4736
12,41,False,0.7033799886703491,0.46129998564720154,0.4083,0.4045,0.51024,0.4777,0.5384,0.4773,0.60138,0.4754,0.6753,0.4735,0.69006,0.4635
12,42,False,0.7033399939537048,0.45820000767707825,0.4071,0.4025,0.50958,0.4808,0.53906,0.473,0.59674,0.4726,0.67028,0.4779,0.68588,0.4654
12,43,False,0.7183200120925903,0.45500001311302185,0.4066,0.4004,0.50836,0.4792,0.53686,0.4722,0.59208,0.4747,0.6681,0.4753,0.68404,0.4645
12,44,False,0.7179399728775024,0.4490000009536743,0.4093,0.4036,0.50696,0.479,0.53454,0.4781,0.59042,0.4723,0.66052,0.4661,0.67456,0.4618
12,45,False,0.7208600044250488,0.44589999318122864,0.40848,0.4,0.50974,0.4765,0.53768,0.4768,0.60156,0.4692,0.68,0.4665,0.69142,0.4532
12,46,False,0.7329000234603882,0.45840001106262207,0.408,0.4033,0.5105,0.4788,0.54182,0.4778,0.60644,0.4731,0.69016,0.4739,0.7121,0.4649
12,47,False,0.7280600070953369,0.45239999890327454,0.40796,0.4021,0.5109,0.4792,0.5405,0.4742,0.60736,0.4738,0.69744,0.4726,0.71774,0.4613
12,48,False,0.7431600093841553,0.4560999870300293,0.40794,0.4026,0.51078,0.4772,0.53768,0.4727,0.6028,0.4773,0.68474,0.4687,0.70664,0.457
12,49,False,0.7457600235939026,0.4584999978542328,0.40876,0.4047,0.51262,0.4782,0.54138,0.4758,0.6123,0.4751,0.70724,0.4708,0.7335,0.4585
12,50,False,0.7532600164413452,0.45509999990463257,0.40844,0.4034,0.50954,0.4769,0.53804,0.4737,0.60798,0.4785,0.69088,0.4704,0.71524,0.4557
12,51,False,0.7529399991035461,0.45509999990463257,0.40894,0.4052,0.50922,0.4789,0.53968,0.4761,0.60874,0.476,0.69768,0.4733,0.726,0.4635
12,52,False,0.7568399906158447,0.4490000009536743,0.4078,0.4042,0.51088,0.4808,0.5426,0.4776,0.61434,0.478,0.71076,0.4657,0.74058,0.4558
12,53,False,0.7611799836158752,0.4507000148296356,0.40928,0.4047,0.51086,0.4775,0.53888,0.4771,0.60674,0.4737,0.69372,0.4708,0.71682,0.4614
12,54,False,0.7696999907493591,0.45820000767707825,0.4091,0.403,0.5095,0.478,0.53896,0.4743,0.60986,0.4755,0.70512,0.4728,0.73436,0.4613
12,55,False,0.7587800025939941,0.4498000144958496,0.40802,0.4016,0.50832,0.4762,0.5385,0.4691,0.6065,0.4753,0.69522,0.4701,0.71826,0.4562
12,56,False,0.7762399911880493,0.4528000056743622,0.4074,0.4013,0.50954,0.4759,0.54142,0.4733,0.61726,0.4775,0.7194,0.4703,0.75298,0.4608
12,57,False,0.7737200260162354,0.4440000057220459,0.40812,0.4021,0.5091,0.481,0.54034,0.4729,0.6076,0.4742,0.69866,0.4677,0.72786,0.452
12,58,False,0.7775200009346008,0.4528000056743622,0.40686,0.4041,0.5099,0.4782,0.54158,0.4721,0.6165,0.4717,0.71986,0.4727,0.7528,0.4576
12,59,False,0.7864199876785278,0.45350000262260437,0.40788,0.4032,0.50922,0.4778,0.53854,0.4756,0.61166,0.4738,0.71402,0.4709,0.74288,0.4535
12,60,False,0.7833999991416931,0.4408000111579895,0.40854,0.4019,0.5088,0.4784,0.54042,0.4778,0.61564,0.4736,0.71636,0.466,0.75164,0.4489
12,61,False,0.7901600003242493,0.4410000145435333,0.408,0.4013,0.50944,0.4776,0.53858,0.4739,0.60546,0.4754,0.69858,0.4684,0.72462,0.4503
12,62,False,0.793179988861084,0.4505999982357025,0.40768,0.4009,0.50914,0.4819,0.53868,0.4723,0.61204,0.4738,0.71394,0.4683,0.7454,0.4555
12,63,False,0.8012199997901917,0.4490000009536743,0.40752,0.4018,0.50942,0.4798,0.54174,0.4719,0.61756,0.4762,0.73038,0.4675,0.7714,0.4537
12,64,False,0.805180013179779,0.4424999952316284,0.4077,0.4036,0.50714,0.4783,0.53936,0.4768,0.61014,0.472,0.71066,0.4636,0.74266,0.4469
12,65,False,0.7980599999427795,0.44110000133514404,0.40768,0.4031,0.5088,0.4769,0.53728,0.4742,0.60878,0.4742,0.7122,0.4597,0.74234,0.4471
12,66,False,0.8014000058174133,0.44510000944137573,0.40778,0.4031,0.5086,0.4785,0.537,0.4756,0.60438,0.4771,0.69678,0.4702,0.7314,0.4509
12,67,False,0.8081799745559692,0.4453999996185303,0.4063,0.4018,0.50926,0.4791,0.54202,0.475,0.61638,0.4715,0.72582,0.4717,0.7689,0.4485
12,68,False,0.8110799789428711,0.44190001487731934,0.40664,0.4016,0.50868,0.4776,0.54064,0.4705,0.60928,0.4704,0.71564,0.4691,0.74882,0.4527
12,69,False,0.814300000667572,0.4507000148296356,0.40766,0.4025,0.5093,0.4783,0.54094,0.4707,0.6134,0.4755,0.72052,0.4709,0.76024,0.4554
12,70,False,0.8148800134658813,0.4401000142097473,0.40864,0.4013,0.50966,0.4791,0.53808,0.4734,0.61456,0.4728,0.72508,0.465,0.76834,0.4467
12,71,False,0.8136399984359741,0.4465999901294708,0.40744,0.4022,0.50844,0.4778,0.5407,0.4735,0.61508,0.4741,0.72622,0.4648,0.76732,0.4543
12,72,False,0.8140400052070618,0.4372999966144562,0.4081,0.4051,0.50584,0.477,0.5398,0.4749,0.60594,0.471,0.70662,0.4644,0.74228,0.4457
12,73,False,0.8199399709701538,0.445499986410141,0.40742,0.4007,0.50798,0.479,0.54184,0.4716,0.61828,0.4743,0.73168,0.4641,0.77696,0.4425
12,74,False,0.8234999775886536,0.44609999656677246,0.40814,0.4026,0.5098,0.476,0.54134,0.4729,0.61934,0.4757,0.74006,0.4703,0.7933,0.4498
12,75,False,0.8267800211906433,0.4442000091075897,0.40804,0.402,0.50888,0.4812,0.54462,0.4716,0.62116,0.4749,0.74602,0.4671,0.79938,0.4496
12,76,False,0.8238599896430969,0.44429999589920044,0.40648,0.4026,0.50672,0.4786,0.53952,0.4717,0.61296,0.4731,0.7241,0.467,0.77272,0.447
12,77,False,0.8280799984931946,0.4390000104904175,0.40796,0.4031,0.5089,0.4772,0.5414,0.4721,0.61672,0.4723,0.73234,0.4675,0.78208,0.4472
12,78,False,0.8325200080871582,0.4462999999523163,0.40754,0.4015,0.50812,0.4766,0.5408,0.4735,0.61464,0.4763,0.73516,0.4702,0.78252,0.4465
12,79,False,0.8362600207328796,0.4399000108242035,0.4072,0.4034,0.5099,0.4785,0.54064,0.472,0.6155,0.4666,0.72414,0.4683,0.7691,0.4489
12,80,False,0.8326399922370911,0.45179998874664307,0.40756,0.4023,0.50768,0.4751,0.53916,0.4752,0.61832,0.4711,0.73554,0.4718,0.7858,0.448
12,81,False,0.8377199769020081,0.4392000138759613,0.4083,0.4039,0.50942,0.4782,0.5392,0.4693,0.61074,0.4687,0.71396,0.4655,0.75222,0.4491
12,82,False,0.8364599943161011,0.43950000405311584,0.4076,0.4028,0.50796,0.4767,0.54172,0.4713,0.62098,0.4729,0.74274,0.4682,0.79412,0.4456
12,83,False,0.8452600240707397,0.43849998712539673,0.40704,0.4025,0.50938,0.4764,0.53982,0.4733,0.61358,0.4729,0.73122,0.467,0.78494,0.4495
12,84,False,0.8398399949073792,0.4442000091075897,0.40814,0.4015,0.50916,0.4812,0.54142,0.4747,0.6191,0.4681,0.74672,0.4686,0.80402,0.4494
12,85,False,0.846019983291626,0.43959999084472656,0.40828,0.4049,0.5075,0.4765,0.5415,0.4724,0.62014,0.4741,0.73766,0.4728,0.78746,0.4509
12,86,False,0.8443400263786316,0.4348999857902527,0.40768,0.4013,0.50918,0.4786,0.54068,0.4736,0.6173,0.4768,0.73772,0.4636,0.79028,0.4433
12,87,False,0.84934002161026,0.4399000108242035,0.4085,0.4019,0.5095,0.4769,0.53942,0.473,0.61306,0.4759,0.72348,0.468,0.7719,0.4463
12,88,False,0.8451600074768066,0.4318999946117401,0.40712,0.4012,0.50888,0.4773,0.53518,0.4688,0.60672,0.4694,0.71802,0.4622,0.75468,0.4348
12,89,False,0.839739978313446,0.43689998984336853,0.40646,0.4024,0.50844,0.4777,0.53906,0.4667,0.60988,0.4676,0.72116,0.4639,0.76714,0.4422
12,90,False,0.8555200099945068,0.43540000915527344,0.40692,0.4016,0.50782,0.4783,0.53884,0.4727,0.61512,0.4723,0.73504,0.4644,0.78744,0.4415
12,91,False,0.8481600284576416,0.4422999918460846,0.40822,0.4022,0.50778,0.4756,0.53916,0.47,0.61274,0.4751,0.73512,0.4667,0.78404,0.4458
12,92,False,0.8530600070953369,0.444599986076355,0.40722,0.4022,0.5094,0.4782,0.54026,0.4732,0.61916,0.4726,0.74904,0.4705,0.80692,0.4487
12,93,False,0.8533599972724915,0.44119998812675476,0.40712,0.4019,0.50976,0.4807,0.53942,0.4692,0.61744,0.4732,0.73852,0.4669,0.79594,0.4435
12,94,False,0.8560000061988831,0.4447000026702881,0.40762,0.4026,0.50782,0.4783,0.53872,0.4677,0.61756,0.4753,0.74098,0.468,0.7943,0.4464
12,95,False,0.8548600077629089,0.4375,0.4068,0.4016,0.50762,0.4787,0.53816,0.4723,0.61958,0.4711,0.74156,0.467,0.80004,0.4377
12,96,False,0.8600999712944031,0.44029998779296875,0.40798,0.4021,0.5072,0.4783,0.5382,0.4704,0.61754,0.4695,0.74734,0.4637,0.81208,0.4426
12,97,False,0.8622000217437744,0.4422999918460846,0.40674,0.4025,0.5088,0.4754,0.54106,0.4738,0.6191,0.4723,0.7505,0.4658,0.81498,0.4446
12,98,False,0.8591799736022949,0.4345000088214874,0.40728,0.4019,0.50696,0.4752,0.54002,0.4737,0.61384,0.4705,0.73622,0.4669,0.77992,0.4479
12,99,False,0.8575199842453003,0.4480000138282776,0.40658,0.4026,0.50796,0.4797,0.54018,0.4687,0.6194,0.4742,0.75752,0.4651,0.81848,0.4453
12,100,False,0.869159996509552,0.4404999911785126,0.40724,0.4023,0.50848,0.476,0.5399,0.4746,0.61808,0.4738,0.7524,0.4644,0.80932,0.444
13,0,False,0.09492000192403793,0.09179999679327011,0.39636,0.3863,0.42002,0.4006,0.37808,0.3704,0.37104,0.3614,0.3893,0.3739,0.34962,0.3479
13,1,False,0.29787999391555786,0.35899999737739563,0.36936,0.3727,0.4294,0.419,0.3974,0.3975,0.4,0.402,0.4093,0.4029,0.39462,0.3943
13,2,False,0.37046000361442566,0.41040000319480896,0.40108,0.3985,0.45348,0.4445,0.43282,0.4317,0.43978,0.4413,0.44554,0.4407,0.43436,0.435
13,3,False,0.40446001291275024,0.4047999978065491,0.40714,0.4025,0.46584,0.4544,0.44856,0.4455,0.45582,0.4516,0.4605,0.4501,0.45006,0.4478
13,4,False,0.425680011510849,0.4440000057220459,0.41276,0.4103,0.47886,0.4641,0.46052,0.4572,0.4689,0.4554,0.47536,0.4619,0.46596,0.4604
13,5,False,0.44091999530792236,0.44780001044273376,0.41972,0.4159,0.4848,0.4687,0.47398,0.4652,0.47968,0.4659,0.48902,0.4702,0.48048,0.4655
13,6,False,0.4583599865436554,0.4620000123977661,0.42388,0.4207,0.49278,0.4721,0.48676,0.4691,0.49566,0.4729,0.50226,0.4794,0.49408,0.4755
13,7,False,0.4664199948310852,0.45190000534057617,0.42812,0.4198,0.49906,0.4758,0.49138,0.468,0.50008,0.4731,0.5086,0.48,0.50114,0.4769
13,8,False,0.4759399890899658,0.4560000002384186,0.42676,0.4177,0.49934,0.4718,0.49132,0.4661,0.5029,0.4769,0.5119,0.4764,0.50456,0.4703
13,9,False,0.48774001002311707,0.45010000467300415,0.42774,0.4198,0.5066,0.48,0.49926,0.4707,0.5126,0.4792,0.52248,0.4871,0.51576,0.4802
13,10,False,0.49639999866485596,0.4738999903202057,0.42802,0.4196,0.51148,0.4848,0.51084,0.4814,0.52638,0.4888,0.53472,0.4885,0.5291,0.4854
13,11,False,0.5032200217247009,0.49129998683929443,0.42984,0.417,0.51328,0.4801,0.51894,0.484,0.53486,0.4945,0.54574,0.4979,0.54218,0.4963
13,12,False,0.5122799873352051,0.47110000252723694,0.4308,0.42,0.51442,0.4817,0.51334,0.4774,0.52972,0.4884,0.54144,0.4891,0.53576,0.4873
13,13,False,0.523580014705658,0.46880000829696655,0.431,0.4213,0.51842,0.4866,0.5264,0.4864,0.542,0.4919,0.5526,0.4929,0.54714,0.4924
13,14,False,0.5302199721336365,0.483599990606308,0.43206,0.4194,0.5189,0.4863,0.5335,0.4832,0.55374,0.4929,0.56906,0.4999,0.5643,0.4976
13,15,False,0.5365399718284607,0.48030000925064087,0.43116,0.4213,0.52096,0.487,0.53172,0.4837,0.55752,0.496,0.57388,0.4984,0.56854,0.4966
13,16,False,0.5462200045585632,0.48100000619888306,0.43052,0.4205,0.52288,0.4855,0.53512,0.4859,0.55634,0.4887,0.57318,0.4934,0.57012,0.489
13,17,False,0.5492600202560425,0.4878000020980835,0.43196,0.4233,0.5253,0.4885,0.54274,0.4873,0.57158,0.4989,0.5877,0.4967,0.58362,0.5
13,18,False,0.5579599738121033,0.48510000109672546,0.43164,0.4199,0.52446,0.4913,0.54372,0.4834,0.5718,0.497,0.58964,0.4996,0.5857,0.4969
13,19,False,0.568340003490448,0.49219998717308044,0.43256,0.423,0.52644,0.4917,0.54722,0.4874,0.57882,0.4964,0.60122,0.5004,0.60044,0.4989
13,20,False,0.5764200091362,0.4846999943256378,0.43066,0.4196,0.52738,0.4869,0.5492,0.4855,0.5839,0.4968,0.6051,0.4977,0.60498,0.4939
13,21,False,0.5841000080108643,0.49129998683929443,0.4308,0.4181,0.52684,0.4868,0.55124,0.4867,0.58874,0.4914,0.61372,0.4968,0.61416,0.4965
13,22,False,0.5904200077056885,0.4903999865055084,0.43098,0.421,0.52786,0.4899,0.5588,0.4922,0.59794,0.4936,0.62672,0.4957,0.6245,0.4938
13,23,False,0.6010800004005432,0.48539999127388,0.42892,0.4167,0.52776,0.486,0.55356,0.4862,0.59298,0.4915,0.61988,0.4936,0.62152,0.4914
13,24,False,0.6083800196647644,0.47760000824928284,0.42898,0.4176,0.5246,0.4852,0.55348,0.4837,0.59268,0.4829,0.6234,0.4915,0.6253,0.4887
13,25,False,0.6183199882507324,0.48500001430511475,0.42804,0.4176,0.52628,0.486,0.56166,0.4864,0.6059,0.4874,0.63842,0.4867,0.64268,0.488
13,26,False,0.6262199878692627,0.48539999127388,0.42918,0.418,0.52846,0.4849,0.56624,0.4874,0.61092,0.4866,0.64766,0.4904,0.65428,0.4927
13,27,False,0.6342599987983704,0.4814000129699707,0.42952,0.4133,0.528,0.4878,0.5605,0.4816,0.60254,0.4848,0.64308,0.4832,0.64674,0.4808
13,28,False,0.6398599743843079,0.48829999566078186,0.43084,0.422,0.52956,0.49,0.56594,0.4857,0.62046,0.4925,0.66312,0.4898,0.66632,0.4901
13,29,False,0.6486799716949463,0.47929999232292175,0.43088,0.4188,0.52916,0.4886,0.56792,0.482,0.62422,0.4874,0.66712,0.4848,0.6763,0.4852
13,30,False,0.6579200029373169,0.47450000047683716,0.42874,0.4173,0.52756,0.4925,0.56664,0.4812,0.6158,0.4844,0.65958,0.4829,0.6672,0.4807
13,31,False,0.6645200252532959,0.4790000021457672,0.42784,0.4174,0.52862,0.4913,0.56916,0.4861,0.61592,0.4864,0.66278,0.4877,0.6693,0.4882
13,32,False,0.6700599789619446,0.46799999475479126,0.43028,0.4202,0.52636,0.4884,0.56314,0.4778,0.61654,0.4798,0.65758,0.4769,0.6619,0.4763
13,33,False,0.6750800013542175,0.474700003862381,0.4298,0.4184,0.52748,0.4873,0.57122,0.4831,0.62482,0.4867,0.67152,0.4813,0.67972,0.4834
13,34,False,0.6868000030517578,0.47380000352859497,0.4298,0.4184,0.52786,0.4933,0.56724,0.4796,0.62598,0.4865,0.67422,0.483,0.68198,0.4854
13,35,False,0.6893200278282166,0.47279998660087585,0.42834,0.4152,0.52838,0.4915,0.563,0.4788,0.61584,0.4902,0.66028,0.4812,0.66896,0.4768
13,36,False,0.6992800235748291,0.477400004863739,0.42936,0.4171,0.5306,0.4901,0.5737,0.4871,0.64014,0.4905,0.70022,0.4838,0.71362,0.4809
13,37,False,0.7008000016212463,0.48089998960494995,0.43024,0.4187,0.53018,0.4927,0.57576,0.4834,0.6452,0.4897,0.70534,0.4872,0.7238,0.4843
13,38,False,0.7090799808502197,0.476500004529953,0.4302,0.419,0.5283,0.4921,0.57604,0.481,0.64608,0.4885,0.70744,0.4816,0.72046,0.4807
13,39,False,0.7161399722099304,0.47530001401901245,0.42698,0.4177,0.52804,0.4861,0.57398,0.4846,0.6387,0.4873,0.69524,0.4819,0.70848,0.477
13,40,False,0.7191200256347656,0.4715999960899353,0.42898,0.4216,0.52912,0.4913,0.5754,0.4862,0.64604,0.4833,0.712,0.4834,0.73144,0.4758
13,41,False,0.7285400032997131,0.4577000141143799,0.42634,0.4157,0.52722,0.489,0.5712,0.474,0.63882,0.4793,0.6959,0.4728,0.70976,0.4706
13,42,False,0.7324600219726562,0.4733999967575073,0.4271,0.4171,0.52774,0.488,0.57404,0.4777,0.64496,0.4888,0.7115,0.4874,0.72834,0.4757
13,43,False,0.7396199703216553,0.4675999879837036,0.42666,0.4174,0.52732,0.4906,0.57294,0.4803,0.64184,0.485,0.7088,0.4784,0.72118,0.4776
13,44,False,0.7467399835586548,0.4702000021934509,0.42782,0.4177,0.5294,0.4882,0.577,0.4824,0.64748,0.4817,0.72218,0.4784,0.73854,0.4741
13,45,False,0.7505000233650208,0.4645000100135803,0.42692,0.4186,0.5278,0.4894,0.57316,0.4789,0.64398,0.4789,0.71162,0.4742,0.72898,0.4704
13,46,False,0.7583799958229065,0.46239998936653137,0.42902,0.4184,0.52816,0.4893,0.57288,0.4737,0.6446,0.4821,0.71702,0.4764,0.73402,0.464
13,47,False,0.7604399919509888,0.4702000021934509,0.42796,0.4174,0.52712,0.4862,0.57492,0.4782,0.65062,0.4829,0.72424,0.4747,0.74586,0.4647
13,48,False,0.7594799995422363,0.4618000090122223,0.4288,0.4185,0.52606,0.4883,0.57632,0.4783,0.65704,0.4788,0.73822,0.4747,0.75898,0.4629
13,49,False,0.7668399810791016,0.46219998598098755,0.4282,0.4173,0.52678,0.4864,0.57476,0.4786,0.65062,0.48,0.72732,0.475,0.74842,0.4663
13,50,False,0.77538001537323,0.4641000032424927,0.4285,0.4203,0.52784,0.4919,0.57612,0.4804,0.65226,0.481,0.73232,0.4718,0.75456,0.4659
13,51,False,0.7753400206565857,0.4629000127315521,0.42744,0.4171,0.52804,0.4867,0.57822,0.4786,0.66254,0.4845,0.7463,0.4797,0.7683,0.4653
13,52,False,0.7830399870872498,0.46209999918937683,0.42854,0.4183,0.52984,0.4912,0.5739,0.4806,0.64788,0.4825,0.72524,0.4794,0.7429,0.4693
13,53,False,0.7881399989128113,0.45980000495910645,0.42676,0.4176,0.52724,0.49,0.57792,0.4811,0.65678,0.483,0.7427,0.4748,0.76526,0.4665
13,54,False,0.7900999784469604,0.45750001072883606,0.42758,0.4185,0.52794,0.4905,0.58174,0.4768,0.66016,0.482,0.74828,0.476,0.77396,0.4654
13,55,False,0.7935199737548828,0.4618000090122223,0.42732,0.4163,0.52848,0.4856,0.58082,0.4775,0.6604,0.4807,0.7512,0.4695,0.7762,0.4638
13,56,False,0.7907599806785583,0.4569000005722046,0.42778,0.4175,0.52686,0.4879,0.57142,0.4759,0.6427,0.4765,0.72236,0.4753,0.74564,0.4642
13,57,False,0.8069199919700623,0.453900009393692,0.4286,0.4183,0.52636,0.4885,0.57848,0.4763,0.65862,0.4801,0.74604,0.475,0.7725,0.4619
13,58,False,0.8026800155639648,0.45210000872612,0.4273,0.4189,0.5281,0.4858,0.5794,0.4774,0.66312,0.4835,0.75714,0.4701,0.78802,0.4627
13,59,False,0.8046000003814697,0.4602000117301941,0.42638,0.417,0.52782,0.4902,0.57914,0.4814,0.66032,0.4763,0.74854,0.4719,0.77486,0.4607
13,60,False,0.8107200264930725,0.4618000090122223,0.4274,0.4163,0.52946,0.4872,0.5762,0.4764,0.66208,0.4807,0.75656,0.476,0.7849,0.4672
13,61,False,0.8137800097465515,0.4611999988555908,0.42726,0.4185,0.52716,0.491,0.57994,0.4809,0.6645,0.4867,0.76094,0.4754,0.78826,0.4677
13,62,False,0.8140000104904175,0.46470001339912415,0.42744,0.4192,0.52894,0.4881,0.58192,0.4795,0.66632,0.4798,0.77344,0.4717,0.80358,0.4669
13,63,False,0.8152599930763245,0.45809999108314514,0.42794,0.4172,0.52876,0.486,0.58442,0.4763,0.6722,0.4825,0.77386,0.4714,0.80196,0.4632
13,64,False,0.8293799757957458,0.4603999853134155,0.42798,0.4185,0.52706,0.4876,0.5776,0.4789,0.6574,0.4766,0.75082,0.4736,0.7751,0.465
13,65,False,0.8220400214195251,0.46050000190734863,0.42864,0.4158,0.52912,0.4889,0.5858,0.4812,0.66986,0.4817,0.76966,0.4697,0.80792,0.4662
13,66,False,0.8208199739456177,0.46129998564720154,0.42836,0.418,0.52836,0.4867,0.58106,0.4816,0.66598,0.4845,0.7632,0.4691,0.79496,0.4662
13,67,False,0.8324599862098694,0.4560999870300293,0.4284,0.4189,0.5286,0.489,0.57962,0.4798,0.66312,0.481,0.7575,0.4685,0.78768,0.4612
13,68,False,0.8305000066757202,0.4494999945163727,0.42604,0.4149,0.52988,0.4887,0.57776,0.4826,0.65702,0.4846,0.74546,0.4699,0.77204,0.46
13,69,False,0.8328400254249573,0.45570001006126404,0.42624,0.4156,0.527,0.4899,0.58114,0.4808,0.67138,0.4869,0.77458,0.4707,0.81082,0.4602
13,70,False,0.8321599960327148,0.46160000562667847,0.42628,0.416,0.52766,0.488,0.58108,0.4819,0.675,0.4815,0.77842,0.472,0.81346,0.46
13,71,False,0.8391600251197815,0.45969998836517334,0.42756,0.4178,0.52966,0.4868,0.58156,0.4837,0.6658,0.4814,0.76864,0.4735,0.7968,0.4558
13,72,False,0.8428800106048584,0.4602999985218048,0.42728,0.4173,0.52762,0.4897,0.583,0.4814,0.67582,0.4806,0.78594,0.4669,0.82598,0.4549
13,73,False,0.8399999737739563,0.4519999921321869,0.42752,0.4183,0.52752,0.4887,0.5798,0.4825,0.66818,0.4841,0.76768,0.4678,0.80032,0.4561
13,74,False,0.8510199785232544,0.4575999975204468,0.42662,0.4172,0.5282,0.4869,0.5833,0.4789,0.67126,0.4824,0.77686,0.4628,0.8111,0.4561
13,75,False,0.8453599810600281,0.4535999894142151,0.42494,0.4172,0.52612,0.49,0.5777,0.4808,0.65898,0.4781,0.75806,0.4673,0.78952,0.4575
13,76,False,0.8464800119400024,0.46219998598098755,0.42652,0.4161,0.5279,0.4921,0.58014,0.4794,0.67276,0.4813,0.78398,0.4703,0.82502,0.4617
13,77,False,0.8507800102233887,0.4510999917984009,0.42656,0.4168,0.52916,0.488,0.58124,0.4791,0.6751,0.4764,0.78956,0.4665,0.82992,0.4556
13,78,False,0.8458799719810486,0.44440001249313354,0.42722,0.4178,0.5263,0.4879,0.58156,0.4785,0.67312,0.4795,0.78378,0.4636,0.8195,0.4515
13,79,False,0.8493000268936157,0.4562000036239624,0.42708,0.4192,0.52736,0.4868,0.5813,0.4784,0.66758,0.4831,0.7795,0.4689,0.8183,0.4575
13,80,False,0.8617799878120422,0.454800009727478,0.42632,0.4161,0.52754,0.49,0.57828,0.4827,0.6708,0.4836,0.7846,0.4693,0.8215,0.4536
13,81,False,0.851859986782074,0.4523000121116638,0.42516,0.4163,0.52778,0.4833,0.58106,0.4834,0.66806,0.4819,0.76936,0.4659,0.80892,0.4548
13,82,False,0.8616999983787537,0.4449000060558319,0.42572,0.4158,0.52904,0.4878,0.58206,0.4814,0.66762,0.4824,0.77154,0.467,0.80998,0.4483
13,83,False,0.8640400171279907,0.45969998836517334,0.42734,0.4198,0.52736,0.4872,0.58262,0.4781,0.67,0.4792,0.77896,0.4697,0.82504,0.4585
13,84,False,0.8576400279998779,0.4578999876976013,0.42748,0.4193,0.5279,0.4879,0.58198,0.4813,0.67052,0.4827,0.78332,0.47,0.82686,0.4576
13,85,False,0.8589199781417847,0.45249998569488525,0.42822,0.4163,0.52688,0.4914,0.58064,0.4815,0.67356,0.4826,0.78588,0.4735,0.83234,0.4541
13,86,False,0.8629199862480164,0.4580000042915344,0.42638,0.4173,0.52778,0.4872,0.58034,0.4815,0.66806,0.477,0.77928,0.4719,0.82362,0.4518
13,87,False,0.8637400269508362,0.45660001039505005,0.42644,0.4178,0.52656,0.4881,0.58226,0.4796,0.66874,0.4789,0.77488,0.4714,0.80654,0.4588
13,88,False,0.8678799867630005,0.45509999990463257,0.42666,0.4175,0.5298,0.4873,0.5856,0.4825,0.67696,0.4811,0.79142,0.4695,0.83686,0.4519
13,89,False,0.872439980506897,0.45019999146461487,0.42632,0.4164,0.52634,0.4902,0.58458,0.4764,0.67324,0.4728,0.78396,0.4622,0.82808,0.4508
13,90,False,0.86735999584198,0.460099995136261,0.42518,0.4157,0.52822,0.4878,0.58594,0.4789,0.67678,0.4831,0.79756,0.4707,0.84514,0.4534
13,91,False,0.8683599829673767,0.44620001316070557,0.42624,0.4182,0.52872,0.4852,0.58412,0.4775,0.67274,0.4751,0.78936,0.4609,0.82902,0.448
13,92,False,0.8702200055122375,0.4537000060081482,0.426,0.4169,0.52706,0.4908,0.58348,0.4808,0.67814,0.4808,0.79624,0.4696,0.83764,0.453
13,93,False,0.8802800178527832,0.4496000111103058,0.42672,0.4154,0.52826,0.4879,0.58146,0.4794,0.67798,0.4761,0.79592,0.4677,0.83974,0.4523
13,94,False,0.8773400187492371,0.44519999623298645,0.4259,0.4174,0.5284,0.4861,0.5813,0.4789,0.67312,0.4814,0.78736,0.4718,0.83278,0.452
13,95,False,0.8789200186729431,0.44760000705718994,0.42456,0.4156,0.52606,0.4849,0.5801,0.4797,0.6662,0.4774,0.77376,0.4637,0.81468,0.4518
13,96,False,0.8733999729156494,0.4537999927997589,0.42522,0.4164,0.5268,0.4868,0.58572,0.4774,0.68176,0.4771,0.80624,0.4646,0.85298,0.4564
13,97,False,0.8845000267028809,0.4580000042915344,0.426,0.4178,0.5281,0.4857,0.58562,0.4818,0.68092,0.4812,0.81388,0.4736,0.86582,0.4572
13,98,False,0.8723000288009644,0.4447999894618988,0.42602,0.4208,0.5276,0.4884,0.58422,0.4749,0.67404,0.4758,0.79784,0.4673,0.8395,0.4479
13,99,False,0.8753799796104431,0.44690001010894775,0.42632,0.4165,0.52634,0.4849,0.58198,0.476,0.67092,0.4776,0.78892,0.4607,0.83554,0.444
13,100,False,0.8824399709701538,0.44909998774528503,0.42662,0.4187,0.52728,0.4879,0.58418,0.4767,0.67618,0.4801,0.80296,0.467,0.85008,0.45
14,0,False,0.08867999911308289,0.08470000326633453,0.39486,0.382,0.41628,0.4025,0.37822,0.3646,0.36126,0.3637,0.38192,0.3658,0.34776,0.3379
14,1,False,0.2924000024795532,0.36489999294281006,0.36858,0.3706,0.41844,0.4127,0.3943,0.395,0.39388,0.3896,0.4055,0.3961,0.38576,0.3837
14,2,False,0.3641600012779236,0.39250001311302185,0.3889,0.3909,0.44316,0.4369,0.42486,0.423,0.42826,0.4232,0.436,0.4271,0.42502,0.4199
14,3,False,0.39879998564720154,0.41130000352859497,0.40074,0.3996,0.46196,0.455,0.44554,0.4405,0.45044,0.4428,0.45836,0.4522,0.44464,0.4457
14,4,False,0.42113998532295227,0.43939998745918274,0.40918,0.4048,0.4759,0.4634,0.46128,0.4589,0.46544,0.4604,0.4755,0.4631,0.46472,0.4592
14,5,False,0.4336000084877014,0.4456000030040741,0.41252,0.4116,0.48244,0.4689,0.47064,0.4625,0.47724,0.4678,0.4854,0.4712,0.4754,0.4676
14,6,False,0.4556399881839752,0.45829999446868896,0.4185,0.4116,0.48648,0.4699,0.47762,0.463,0.48564,0.4745,0.4956,0.4802,0.48786,0.4753
14,7,False,0.46549999713897705,0.4611000120639801,0.415,0.4074,0.49278,0.4728,0.48784,0.4735,0.49814,0.4774,0.50836,0.4818,0.50042,0.4769
14,8,False,0.4736599922180176,0.4691999852657318,0.41968,0.4133,0.49956,0.4754,0.50026,0.4774,0.50994,0.4857,0.52056,0.4906,0.51344,0.4874
14,9,False,0.482340008020401,0.47350001335144043,0.42364,0.4161,0.50528,0.4773,0.51058,0.4856,0.52108,0.4893,0.53092,0.493,0.52332,0.4904
14,10,False,0.4942600131034851,0.4708999991416931,0.42386,0.4128,0.50882,0.4766,0.50924,0.4801,0.52364,0.482,0.53244,0.4932,0.52638,0.4852
14,11,False,0.5073999762535095,0.4805999994277954,0.42308,0.4133,0.51364,0.4796,0.52168,0.488,0.53724,0.4918,0.54828,0.4931,0.54086,0.4938
14,12,False,0.5115000009536743,0.4650999903678894,0.42292,0.4116,0.51226,0.4755,0.51658,0.4804,0.53426,0.4858,0.54462,0.4874,0.53826,0.484
14,13,False,0.5196999907493591,0.4717999994754791,0.42546,0.4137,0.51676,0.4827,0.52396,0.4848,0.54396,0.4929,0.55574,0.4947,0.54976,0.4944
14,14,False,0.5264599919319153,0.47859999537467957,0.425,0.4118,0.51734,0.4793,0.52532,0.4824,0.5449,0.4845,0.5605,0.4953,0.55238,0.4881
14,15,False,0.5382999777793884,0.4837000072002411,0.4245,0.413,0.5212,0.4812,0.5364,0.4923,0.55508,0.4946,0.57212,0.4974,0.56316,0.4955
14,16,False,0.5454000234603882,0.4862000048160553,0.42472,0.4145,0.523,0.4823,0.5384,0.4883,0.56084,0.4897,0.5779,0.4975,0.57276,0.4948
14,17,False,0.5506399869918823,0.4918999969959259,0.42474,0.4144,0.524,0.4855,0.54432,0.488,0.56978,0.4978,0.58758,0.5005,0.58332,0.4988
14,18,False,0.5620800256729126,0.4916999936103821,0.42854,0.4163,0.52496,0.4833,0.549,0.49,0.5788,0.4941,0.59872,0.4977,0.59462,0.4942
14,19,False,0.5726400017738342,0.4821000099182129,0.42476,0.4124,0.5221,0.479,0.5466,0.489,0.57632,0.4914,0.59554,0.4933,0.59302,0.488
14,20,False,0.5789600014686584,0.48240000009536743,0.42494,0.4116,0.52348,0.486,0.54844,0.488,0.58168,0.4917,0.60356,0.4977,0.59754,0.4953
14,21,False,0.5861600041389465,0.4790000021457672,0.42744,0.4145,0.52738,0.4873,0.55396,0.493,0.58836,0.4935,0.61186,0.4937,0.60686,0.4916
14,22,False,0.5921000242233276,0.48249998688697815,0.42592,0.4146,0.52532,0.4857,0.55424,0.4878,0.59022,0.4923,0.61408,0.4943,0.60878,0.4882
14,23,False,0.6013200283050537,0.492000013589859,0.42568,0.413,0.52706,0.4892,0.56352,0.4956,0.60498,0.4995,0.6323,0.4994,0.62974,0.4986
14,24,False,0.6124200224876404,0.4925999939441681,0.4271,0.4133,0.52562,0.4855,0.56472,0.4883,0.60884,0.498,0.63988,0.4974,0.6396,0.4939
14,25,False,0.620419979095459,0.47699999809265137,0.42526,0.4153,0.52628,0.4822,0.5575,0.4881,0.59596,0.4926,0.6232,0.4895,0.6184,0.4878
14,26,False,0.6244199872016907,0.4853000044822693,0.4275,0.4165,0.5259,0.4897,0.56672,0.4921,0.61598,0.4984,0.65272,0.4983,0.6551,0.4908
14,27,False,0.6313400268554688,0.4767000079154968,0.42488,0.4144,0.5255,0.4854,0.5603,0.4871,0.60936,0.4942,0.6456,0.4925,0.64756,0.4897
14,28,False,0.6438000202178955,0.48249998688697815,0.42652,0.4143,0.52722,0.4827,0.5608,0.4892,0.60894,0.4945,0.647,0.4929,0.64646,0.4864
14,29,False,0.6480399966239929,0.490200012922287,0.42654,0.4141,0.53014,0.4861,0.57196,0.4887,0.62764,0.4975,0.6731,0.4906,0.67538,0.4868
14,30,False,0.6575400233268738,0.4772999882698059,0.42606,0.4138,0.52382,0.4829,0.55722,0.4874,0.60412,0.4878,0.63944,0.4902,0.64256,0.4843
14,31,False,0.6667799949645996,0.4918999969959259,0.42458,0.4132,0.52822,0.4863,0.57492,0.49,0.63822,0.4974,0.68492,0.4964,0.69148,0.4946
14,32,False,0.671720027923584,0.4731000065803528,0.42734,0.4121,0.52422,0.4874,0.56674,0.4857,0.62456,0.4914,0.66418,0.4885,0.66884,0.4875
14,33,False,0.6791800260543823,0.49070000648498535,0.42442,0.4112,0.5259,0.4855,0.5714,0.487,0.63574,0.4981,0.68958,0.4921,0.69726,0.4862
14,34,False,0.6854400038719177,0.48069998621940613,0.4243,0.4117,0.52762,0.4852,0.57392,0.4846,0.63904,0.496,0.69404,0.4898,0.70524,0.4877
14,35,False,0.6942399740219116,0.47029998898506165,0.42464,0.4114,0.5261,0.4821,0.56706,0.484,0.62526,0.4938,0.66934,0.4866,0.67484,0.4739
14,36,False,0.7052800059318542,0.4740999937057495,0.42748,0.4145,0.52762,0.4862,0.57106,0.4868,0.63588,0.4913,0.68948,0.4889,0.69706,0.482
14,37,False,0.7090799808502197,0.48919999599456787,0.42552,0.412,0.52558,0.4868,0.5768,0.4879,0.64678,0.4933,0.7085,0.4883,0.7188,0.4863
14,38,False,0.7154800295829773,0.4724999964237213,0.42398,0.4117,0.52676,0.4873,0.57138,0.4863,0.63956,0.4918,0.69078,0.4877,0.70014,0.478
14,39,False,0.7222800254821777,0.47540000081062317,0.42336,0.4103,0.52616,0.4844,0.5749,0.4856,0.64696,0.4866,0.70758,0.4886,0.71858,0.4782
14,40,False,0.7290800213813782,0.46700000762939453,0.42566,0.4158,0.5259,0.4854,0.57208,0.4824,0.64132,0.4913,0.69802,0.4859,0.70734,0.4725
14,41,False,0.7326200008392334,0.4763000011444092,0.42584,0.4135,0.5263,0.4867,0.57718,0.4837,0.65894,0.4904,0.7268,0.496,0.74144,0.4754
14,42,False,0.7363399863243103,0.47279998660087585,0.42274,0.4102,0.52652,0.4883,0.57372,0.4836,0.6444,0.4881,0.70748,0.4841,0.72228,0.4751
14,43,False,0.7459200024604797,0.4754999876022339,0.42406,0.4122,0.52656,0.4898,0.5738,0.4848,0.64818,0.4872,0.7117,0.4839,0.7255,0.4781
14,44,False,0.7458000183105469,0.4729999899864197,0.4253,0.4139,0.52768,0.4905,0.57458,0.4837,0.65156,0.4926,0.7199,0.4893,0.73828,0.4785
14,45,False,0.7534400224685669,0.4690999984741211,0.42288,0.4118,0.52656,0.4843,0.5755,0.4849,0.65198,0.4908,0.72156,0.4855,0.73594,0.4757
14,46,False,0.7519000172615051,0.47110000252723694,0.42614,0.4107,0.5272,0.4847,0.57302,0.4818,0.65118,0.4928,0.71976,0.4849,0.74304,0.4786
14,47,False,0.7602599859237671,0.4657999873161316,0.42412,0.4127,0.52584,0.4882,0.57272,0.4831,0.65752,0.4865,0.7266,0.4892,0.74402,0.4726
14,48,False,0.7668799757957458,0.46380001306533813,0.42416,0.4133,0.52542,0.4835,0.57058,0.4833,0.64924,0.4905,0.71676,0.4821,0.73098,0.472
14,49,False,0.7683799862861633,0.47040000557899475,0.42512,0.4099,0.52702,0.4863,0.57454,0.4827,0.65134,0.4878,0.72314,0.4795,0.74114,0.4743
14,50,False,0.7749800086021423,0.4616999924182892,0.4239,0.4116,0.52636,0.4862,0.57658,0.4811,0.65942,0.4876,0.73764,0.482,0.76132,0.4687
14,51,False,0.7795600295066833,0.4643999934196472,0.42656,0.414,0.52746,0.4842,0.57664,0.4813,0.659,0.49,0.73676,0.4812,0.7587,0.473
14,52,False,0.7862600088119507,0.4668999910354614,0.42318,0.414,0.52632,0.4878,0.57468,0.4796,0.66014,0.49,0.74102,0.4864,0.76796,0.4737
14,53,False,0.7872400283813477,0.47290000319480896,0.42436,0.4127,0.52682,0.4884,0.57864,0.4795,0.66414,0.4893,0.74834,0.4834,0.7718,0.4777
14,54,False,0.792639970779419,0.4683000147342682,0.42526,0.413,0.52668,0.4898,0.57662,0.4811,0.66298,0.4933,0.7448,0.4887,0.77082,0.4693
14,55,False,0.792639970779419,0.4562999904155731,0.42546,0.4113,0.52624,0.4865,0.57006,0.479,0.64326,0.4851,0.72094,0.4774,0.73234,0.4635
14,56,False,0.7977200150489807,0.46869999170303345,0.42398,0.4109,0.52712,0.4885,0.58006,0.4849,0.67012,0.4907,0.75944,0.4833,0.79194,0.474
14,57,False,0.8033599853515625,0.46709999442100525,0.42438,0.413,0.52704,0.4862,0.58084,0.4844,0.67412,0.4912,0.76444,0.4841,0.79734,0.4702
14,58,False,0.7980800271034241,0.4722999930381775,0.42342,0.4096,0.52634,0.4881,0.57916,0.4818,0.6683,0.4859,0.76024,0.4832,0.79258,0.476
14,59,False,0.811739981174469,0.4580000042915344,0.42346,0.412,0.52576,0.4882,0.57824,0.4805,0.66562,0.4857,0.75972,0.4798,0.79632,0.4665
14,60,False,0.8080400228500366,0.4706999957561493,0.42392,0.4128,0.52666,0.4899,0.57938,0.4841,0.66452,0.4865,0.75596,0.481,0.78448,0.4694
14,61,False,0.8123599886894226,0.46480000019073486,0.42204,0.413,0.5256,0.485,0.57552,0.479,0.66448,0.4856,0.7531,0.4799,0.7836,0.4644
14,62,False,0.8152599930763245,0.46230000257492065,0.42484,0.416,0.52656,0.4879,0.5802,0.4838,0.671,0.4875,0.76862,0.4757,0.80464,0.4643
14,63,False,0.8202199935913086,0.45350000262260437,0.42348,0.4121,0.52556,0.4843,0.5759,0.4799,0.65694,0.486,0.73948,0.4742,0.76154,0.4629
14,64,False,0.8252999782562256,0.4578000009059906,0.42556,0.415,0.52562,0.4875,0.57508,0.4814,0.66042,0.4863,0.74794,0.4816,0.77862,0.4635
14,65,False,0.8261399865150452,0.4668000042438507,0.42346,0.4125,0.52724,0.4876,0.58012,0.4851,0.66734,0.4841,0.76508,0.4799,0.80382,0.4674
14,66,False,0.8224200010299683,0.47429999709129333,0.42468,0.4115,0.52888,0.4863,0.58116,0.4813,0.67526,0.49,0.77846,0.4838,0.81458,0.4697
14,67,False,0.8334000110626221,0.462799996137619,0.42376,0.4133,0.5272,0.4851,0.57674,0.4827,0.67096,0.4853,0.76782,0.4819,0.8033,0.4664
14,68,False,0.8354200124740601,0.47049999237060547,0.42338,0.4112,0.52838,0.4867,0.57658,0.4834,0.66422,0.4876,0.75816,0.482,0.79684,0.4708
14,69,False,0.8325200080871582,0.4641000032424927,0.42324,0.4131,0.52716,0.4869,0.57726,0.4762,0.6683,0.4811,0.76588,0.4802,0.80416,0.4673
14,70,False,0.8408200144767761,0.4641000032424927,0.42254,0.4116,0.52694,0.4839,0.58132,0.4807,0.6731,0.4849,0.77674,0.4826,0.81178,0.4656
14,71,False,0.8405799865722656,0.4512999951839447,0.4244,0.4127,0.5267,0.4865,0.57812,0.4807,0.66904,0.4842,0.76484,0.4803,0.80434,0.4585
14,72,False,0.8376799821853638,0.45750001072883606,0.42514,0.4138,0.5269,0.4852,0.57756,0.481,0.66016,0.4865,0.74684,0.4763,0.78016,0.4605
14,73,False,0.8384199738502502,0.46230000257492065,0.42306,0.4109,0.52492,0.4843,0.57702,0.4818,0.66518,0.4833,0.7661,0.4766,0.80246,0.4614
14,74,False,0.8462200164794922,0.4699999988079071,0.42228,0.4139,0.52626,0.4885,0.58364,0.4836,0.68022,0.4904,0.79098,0.4796,0.83138,0.4643
14,75,False,0.8502399921417236,0.45399999618530273,0.42272,0.4132,0.52546,0.4852,0.57946,0.4842,0.674,0.4822,0.78118,0.4741,0.82414,0.4623
14,76,False,0.844760000705719,0.46880000829696655,0.42392,0.4146,0.52732,0.4881,0.58008,0.4818,0.6739,0.4885,0.77528,0.4851,0.81672,0.4652
14,77,False,0.8484200239181519,0.4562000036239624,0.42382,0.4119,0.52768,0.4859,0.57862,0.4811,0.66882,0.4832,0.7724,0.4726,0.81524,0.4572
14,78,False,0.8541399836540222,0.4641999900341034,0.42274,0.4109,0.52782,0.4831,0.57978,0.4862,0.6702,0.4891,0.77494,0.4823,0.82068,0.4668
14,79,False,0.8498200178146362,0.46299999952316284,0.42416,0.4111,0.52704,0.4834,0.576,0.4811,0.66616,0.4875,0.76344,0.4818,0.80086,0.4603
14,80,False,0.854420006275177,0.45879998803138733,0.4225,0.4115,0.52716,0.4872,0.58018,0.4846,0.6781,0.4901,0.7894,0.4802,0.8305,0.4595
14,81,False,0.8608199954032898,0.4715000092983246,0.42302,0.4105,0.5286,0.485,0.58066,0.4866,0.68038,0.4884,0.79088,0.4822,0.83972,0.4673
14,82,False,0.8502200245857239,0.44780001044273376,0.42146,0.4106,0.52454,0.4818,0.57326,0.4816,0.65768,0.481,0.74926,0.4748,0.78088,0.4549
14,83,False,0.8584399819374084,0.4620000123977661,0.42298,0.4091,0.5277,0.4869,0.57886,0.4793,0.67614,0.4817,0.78238,0.48,0.83112,0.4649
14,84,False,0.8649799823760986,0.4553999900817871,0.42378,0.4114,0.5261,0.4841,0.58182,0.4818,0.68092,0.486,0.795,0.4772,0.84858,0.4567
14,85,False,0.8626199960708618,0.45669999718666077,0.42262,0.4128,0.52588,0.4905,0.57586,0.484,0.66232,0.486,0.76134,0.4789,0.80082,0.4573
14,86,False,0.8628600239753723,0.4611999988555908,0.4232,0.4098,0.52694,0.4845,0.579,0.4837,0.67496,0.4876,0.78268,0.4785,0.82974,0.4639
14,87,False,0.8639799952507019,0.4584999978542328,0.42118,0.4115,0.52574,0.485,0.57882,0.4807,0.67236,0.4852,0.78276,0.4799,0.83266,0.467
14,88,False,0.8667200207710266,0.45980000495910645,0.4241,0.4134,0.52754,0.484,0.57844,0.4756,0.6709,0.4851,0.77518,0.4826,0.81814,0.4625
14,89,False,0.866159975528717,0.45579999685287476,0.42214,0.4118,0.52598,0.4872,0.58084,0.4833,0.68202,0.4831,0.79102,0.4738,0.84162,0.4652
14,90,False,0.8673999905586243,0.4487000107765198,0.4235,0.41,0.52592,0.4873,0.58056,0.4845,0.67316,0.4843,0.77826,0.4804,0.82522,0.4565
14,91,False,0.8754000067710876,0.4537000060081482,0.42268,0.4103,0.52636,0.4878,0.58126,0.4843,0.67666,0.4813,0.78604,0.48,0.83624,0.461
14,92,False,0.8711400032043457,0.45969998836517334,0.4224,0.4124,0.5268,0.4854,0.58048,0.4811,0.6802,0.4809,0.79272,0.4808,0.8436,0.4602
14,93,False,0.873960018157959,0.46140000224113464,0.4224,0.4146,0.52696,0.4882,0.58188,0.4811,0.68018,0.4778,0.79638,0.48,0.85076,0.4593
14,94,False,0.8771399855613708,0.4578999876976013,0.42326,0.4116,0.52884,0.4858,0.58174,0.4785,0.67988,0.4834,0.79134,0.4808,0.84678,0.4597
14,95,False,0.8732799887657166,0.4652999937534332,0.4219,0.411,0.52716,0.4847,0.58124,0.4793,0.67924,0.4846,0.797,0.4857,0.85522,0.459
14,96,False,0.8759599924087524,0.4620000123977661,0.4212,0.4104,0.52576,0.4856,0.5813,0.4842,0.68174,0.482,0.79798,0.4817,0.8592,0.4538
14,97,False,0.8796399831771851,0.45840001106262207,0.42204,0.4103,0.52612,0.4843,0.57614,0.4803,0.66996,0.4841,0.77938,0.4766,0.8274,0.4573
14,98,False,0.8782399892807007,0.4596000015735626,0.4231,0.4103,0.528,0.4868,0.5816,0.4825,0.68166,0.4813,0.79644,0.4813,0.84914,0.4571
14,99,False,0.885860025882721,0.4652000069618225,0.42084,0.4105,0.5243,0.487,0.57742,0.4862,0.66748,0.4824,0.7693,0.483,0.81634,0.4586
14,100,False,0.8864799737930298,0.46380001306533813,0.42332,0.4125,0.5258,0.4854,0.57926,0.4818,0.67522,0.4835,0.79022,0.4795,0.84494,0.4565
15,0,False,0.09775999933481216,0.09600000083446503,0.39436,0.3902,0.42258,0.403,0.38062,0.3701,0.37244,0.3654,0.3902,0.3732,0.35864,0.3514
15,1,False,0.2992599904537201,0.353300005197525,0.37878,0.3835,0.42674,0.4218,0.39196,0.3911,0.39836,0.3955,0.4049,0.397,0.38692,0.3908
15,2,False,0.3652999997138977,0.3889000117778778,0.39792,0.396,0.44872,0.4474,0.42398,0.4285,0.43296,0.4329,0.43872,0.4359,0.42624,0.4259
15,3,False,0.4022800028324127,0.40380001068115234,0.40678,0.4022,0.46266,0.4541,0.445,0.4469,0.45194,0.4493,0.45742,0.452,0.44762,0.4456
15,4,False,0.4202600121498108,0.4343999922275543,0.4145,0.4115,0.4713,0.4612,0.45592,0.4506,0.46166,0.4561,0.46966,0.4626,0.45918,0.4579
15,5,False,0.43911999464035034,0.44130000472068787,0.41976,0.4143,0.48268,0.476,0.46816,0.4611,0.48072,0.4711,0.48936,0.4769,0.47962,0.4725
15,6,False,0.45603999495506287,0.4505000114440918,0.42706,0.4245,0.4888,0.4754,0.48174,0.4662,0.4927,0.4782,0.4995,0.4816,0.48788,0.476
15,7,False,0.4675000011920929,0.44690001010894775,0.43028,0.4235,0.49604,0.4792,0.48778,0.4762,0.50042,0.4799,0.51054,0.485,0.50176,0.4806
15,8,False,0.4751800000667572,0.45980000495910645,0.42834,0.4219,0.4993,0.4813,0.49612,0.4763,0.5075,0.4814,0.51722,0.4924,0.50946,0.4882
15,9,False,0.4889400005340576,0.4864000082015991,0.43616,0.4287,0.50764,0.4871,0.51152,0.4854,0.52732,0.4929,0.53738,0.4985,0.53156,0.4984
15,10,False,0.49908000230789185,0.48489999771118164,0.43426,0.4288,0.51166,0.4875,0.51458,0.4832,0.53032,0.494,0.54162,0.4987,0.53374,0.4963
15,11,False,0.5090600252151489,0.4625000059604645,0.43508,0.4266,0.51254,0.4847,0.51502,0.4796,0.53282,0.4896,0.54522,0.4948,0.5355,0.4949
15,12,False,0.5193799734115601,0.4934000074863434,0.43864,0.4317,0.51626,0.4898,0.51982,0.4851,0.5433,0.4985,0.556,0.5028,0.55066,0.5027
15,13,False,0.5266199707984924,0.49939998984336853,0.43848,0.43,0.51912,0.4908,0.53168,0.489,0.553,0.4976,0.56762,0.5032,0.56242,0.5007
15,14,False,0.5374400019645691,0.4781000018119812,0.43982,0.4328,0.52146,0.4883,0.5287,0.4886,0.55098,0.4964,0.56218,0.4998,0.55526,0.4985
15,15,False,0.543179988861084,0.4867999851703644,0.4404,0.4327,0.52292,0.4873,0.53196,0.4925,0.55864,0.4967,0.57278,0.5023,0.56882,0.5003
15,16,False,0.5504199862480164,0.48100000619888306,0.4406,0.4314,0.52548,0.4892,0.53604,0.4864,0.5609,0.4955,0.57664,0.4967,0.56748,0.4944
15,17,False,0.5579800009727478,0.4950000047683716,0.4398,0.4322,0.52844,0.4926,0.54282,0.4922,0.57006,0.4967,0.5878,0.5041,0.58414,0.5043
15,18,False,0.5661600232124329,0.4916999936103821,0.44196,0.4347,0.5286,0.4903,0.5432,0.4868,0.5742,0.4972,0.59446,0.5031,0.58836,0.4963
15,19,False,0.5745000243186951,0.4832000136375427,0.44182,0.4329,0.5301,0.4939,0.5487,0.4917,0.58342,0.4976,0.60096,0.5036,0.59778,0.498
15,20,False,0.5821599960327148,0.49540001153945923,0.4428,0.4356,0.53382,0.4929,0.55556,0.4925,0.59664,0.4985,0.6183,0.5033,0.61488,0.5023
15,21,False,0.5914999842643738,0.49459999799728394,0.44202,0.432,0.53104,0.4878,0.5544,0.4878,0.59506,0.4999,0.61986,0.5009,0.61716,0.4956
15,22,False,0.5983200073242188,0.4844000041484833,0.44158,0.4299,0.5326,0.4885,0.5529,0.487,0.58768,0.4929,0.61256,0.4923,0.609,0.4926
15,23,False,0.6040199995040894,0.49000000953674316,0.44242,0.4329,0.53252,0.4928,0.55784,0.4924,0.59526,0.4974,0.62638,0.4989,0.62388,0.4985
15,24,False,0.6157199740409851,0.49129998683929443,0.44468,0.4336,0.53498,0.4959,0.55952,0.4877,0.59726,0.4972,0.62838,0.5018,0.62828,0.496
15,25,False,0.621399998664856,0.4950999915599823,0.44164,0.4325,0.5353,0.4916,0.56822,0.492,0.61502,0.5036,0.6475,0.5057,0.6501,0.5014
15,26,False,0.6308199763298035,0.48730000853538513,0.44074,0.431,0.53502,0.4872,0.56994,0.4889,0.61122,0.4978,0.64624,0.499,0.64866,0.4945
15,27,False,0.641979992389679,0.4964999854564667,0.44382,0.4315,0.5385,0.4916,0.57362,0.4958,0.62342,0.5001,0.66154,0.5027,0.665,0.4963
15,28,False,0.6476399898529053,0.48579999804496765,0.44324,0.4334,0.53658,0.4895,0.56936,0.488,0.62064,0.5026,0.65906,0.5031,0.66056,0.4935
15,29,False,0.6543200016021729,0.487199991941452,0.44216,0.4325,0.5354,0.4937,0.56988,0.492,0.61974,0.4939,0.66482,0.5009,0.6683,0.4942
15,30,False,0.6614000201225281,0.4862000048160553,0.44442,0.4328,0.53668,0.4893,0.5719,0.4895,0.62404,0.4996,0.66478,0.4983,0.6678,0.4917
15,31,False,0.670740008354187,0.4828999936580658,0.4444,0.4289,0.53782,0.4858,0.5706,0.4871,0.62174,0.4961,0.66684,0.4972,0.66726,0.4902
15,32,False,0.676800012588501,0.4950000047683716,0.44272,0.4345,0.5378,0.489,0.57744,0.4908,0.63782,0.4993,0.68818,0.5027,0.69356,0.4987
15,33,False,0.6798400282859802,0.48559999465942383,0.4429,0.4334,0.53978,0.4928,0.57508,0.4869,0.6381,0.4941,0.69106,0.4969,0.69708,0.4922
15,34,False,0.6894000172615051,0.49129998683929443,0.44322,0.4321,0.53732,0.4877,0.57994,0.4865,0.64566,0.4907,0.6993,0.4944,0.70656,0.4817
15,35,False,0.6950600147247314,0.4909000098705292,0.44198,0.4328,0.5381,0.4892,0.57722,0.4901,0.64276,0.4977,0.6974,0.4972,0.70232,0.4893
15,36,False,0.7007399797439575,0.484499990940094,0.44328,0.431,0.53716,0.4865,0.57928,0.4831,0.64164,0.4898,0.69752,0.4887,0.7029,0.4845
15,37,False,0.7080199718475342,0.4869000017642975,0.44214,0.4307,0.53652,0.4881,0.5769,0.4867,0.63738,0.4885,0.68956,0.4914,0.6964,0.4813
15,38,False,0.7136399745941162,0.4830000102519989,0.44264,0.4311,0.53736,0.4875,0.58136,0.4858,0.64168,0.4934,0.69536,0.4975,0.70522,0.4922
15,39,False,0.7176200151443481,0.48010000586509705,0.44366,0.4312,0.5378,0.4849,0.58268,0.4861,0.64644,0.4897,0.708,0.4958,0.71646,0.4845
15,40,False,0.7258999943733215,0.49059998989105225,0.44446,0.4308,0.53774,0.4894,0.58406,0.487,0.65246,0.4917,0.7169,0.4977,0.731,0.4856
15,41,False,0.7283999919891357,0.48260000348091125,0.44382,0.4305,0.5373,0.4921,0.58266,0.4837,0.65262,0.4903,0.7175,0.4973,0.73092,0.4862
15,42,False,0.7365800142288208,0.4756999909877777,0.44188,0.4331,0.53656,0.4894,0.58232,0.4842,0.65072,0.4875,0.7178,0.4911,0.72712,0.4823
15,43,False,0.7424399852752686,0.4851999878883362,0.44216,0.4309,0.54018,0.4867,0.58564,0.4878,0.65674,0.4938,0.72772,0.4962,0.73862,0.4822
15,44,False,0.7466599941253662,0.47049999237060547,0.4431,0.4321,0.5375,0.4896,0.58648,0.482,0.65498,0.4882,0.72598,0.4881,0.7376,0.4757
15,45,False,0.7518600225448608,0.48019999265670776,0.44302,0.4319,0.54018,0.4899,0.58862,0.4879,0.66322,0.4935,0.7386,0.4917,0.75484,0.4844
15,46,False,0.7564200162887573,0.48590001463890076,0.44326,0.4302,0.54122,0.4859,0.59008,0.4833,0.66656,0.4942,0.74364,0.4923,0.76412,0.4817
15,47,False,0.7589600086212158,0.47530001401901245,0.4435,0.4328,0.5399,0.4848,0.58812,0.486,0.65722,0.4885,0.72898,0.4878,0.73968,0.4804
15,48,False,0.7640200257301331,0.47589999437332153,0.44338,0.4303,0.54096,0.4879,0.59106,0.4888,0.66178,0.4916,0.73458,0.4922,0.75068,0.4828
15,49,False,0.7685999870300293,0.47369998693466187,0.44172,0.4291,0.53862,0.4871,0.59,0.49,0.6685,0.4882,0.74674,0.4923,0.76408,0.4776
15,50,False,0.7739999890327454,0.46320000290870667,0.4414,0.4311,0.5386,0.4869,0.58236,0.4864,0.6559,0.4847,0.72982,0.4892,0.74512,0.476
15,51,False,0.7746000289916992,0.4749999940395355,0.44252,0.433,0.53984,0.4885,0.59112,0.4879,0.67266,0.4893,0.75786,0.4856,0.77946,0.4727
15,52,False,0.781059980392456,0.4708000123500824,0.4436,0.4319,0.5378,0.4904,0.58902,0.4882,0.6643,0.4887,0.743,0.4892,0.76152,0.4766
15,53,False,0.792460024356842,0.4674000144004822,0.44258,0.4326,0.53892,0.4909,0.5897,0.4843,0.66872,0.4867,0.75278,0.4851,0.77284,0.4746
15,54,False,0.7911999821662903,0.46810001134872437,0.44302,0.4333,0.5395,0.4889,0.58446,0.4886,0.65494,0.4894,0.73148,0.4886,0.75072,0.4724
15,55,False,0.7903199791908264,0.46799999475479126,0.44334,0.4314,0.54062,0.4876,0.58868,0.4889,0.6675,0.4895,0.75138,0.4888,0.77222,0.4734
15,56,False,0.7975199818611145,0.47350001335144043,0.44428,0.4314,0.5402,0.4887,0.58948,0.4886,0.66722,0.4919,0.751,0.488,0.77256,0.4762
15,57,False,0.7949399948120117,0.4722000062465668,0.44288,0.431,0.53904,0.4879,0.58932,0.4877,0.67114,0.4902,0.75652,0.4915,0.78214,0.4747
15,58,False,0.8023599982261658,0.47369998693466187,0.44278,0.4334,0.54018,0.4891,0.59348,0.4889,0.67702,0.4943,0.7688,0.4892,0.79224,0.4793
15,59,False,0.8049600124359131,0.4690999984741211,0.44312,0.4314,0.5386,0.4845,0.5865,0.4848,0.66158,0.4858,0.7428,0.4813,0.76726,0.4692
15,60,False,0.8088200092315674,0.47429999709129333,0.4432,0.4314,0.5398,0.4922,0.59038,0.4888,0.66848,0.4909,0.7546,0.485,0.78466,0.4752
15,61,False,0.8136199712753296,0.47110000252723694,0.4436,0.4299,0.53856,0.4887,0.5871,0.4842,0.662,0.4859,0.74956,0.4864,0.7738,0.4712
15,62,False,0.8129199743270874,0.47369998693466187,0.441,0.4299,0.5358,0.4899,0.58902,0.4901,0.67042,0.4894,0.76168,0.4899,0.78332,0.4784
15,63,False,0.8140400052070618,0.4666000008583069,0.4419,0.4287,0.53806,0.4879,0.58738,0.4899,0.6657,0.4873,0.75204,0.4868,0.7727,0.4719
15,64,False,0.8235599994659424,0.4625000059604645,0.44224,0.4338,0.53956,0.4887,0.59224,0.4845,0.67468,0.4895,0.76768,0.4816,0.7965,0.4705
15,65,False,0.8163999915122986,0.4717000126838684,0.44158,0.4303,0.54066,0.4878,0.59402,0.4872,0.67898,0.4929,0.77608,0.488,0.80504,0.471
15,66,False,0.8209400177001953,0.4700999855995178,0.443,0.4341,0.54032,0.4885,0.59584,0.4893,0.67872,0.4939,0.7752,0.4845,0.80464,0.4718
15,67,False,0.8285199999809265,0.47279998660087585,0.44246,0.4327,0.53922,0.4885,0.58858,0.4828,0.67004,0.4931,0.75938,0.485,0.7842,0.4704
15,68,False,0.8340399861335754,0.4684000015258789,0.44132,0.4314,0.53782,0.4894,0.59182,0.485,0.67806,0.4907,0.77298,0.4855,0.80124,0.4648
15,69,False,0.8302199840545654,0.4740000069141388,0.44324,0.4336,0.53828,0.4871,0.58874,0.4868,0.67406,0.4908,0.7672,0.4838,0.79204,0.4707
15,70,False,0.8318799734115601,0.45590001344680786,0.4437,0.4315,0.54016,0.4881,0.58588,0.4873,0.6697,0.4852,0.76534,0.4794,0.79106,0.4561
15,71,False,0.8379200100898743,0.4724000096321106,0.44334,0.4331,0.5392,0.4856,0.58832,0.4898,0.67628,0.4868,0.7804,0.4815,0.8101,0.4707
15,72,False,0.8427000045776367,0.46549999713897705,0.44186,0.4341,0.53776,0.4877,0.58774,0.4859,0.66896,0.4893,0.76256,0.4832,0.78624,0.4712
15,73,False,0.8426200151443481,0.4577000141143799,0.44224,0.43,0.5363,0.4897,0.58608,0.482,0.66496,0.486,0.75902,0.4827,0.78258,0.4624
15,74,False,0.8380600214004517,0.4726000130176544,0.44256,0.4323,0.54078,0.4918,0.59342,0.4878,0.68596,0.4913,0.79256,0.4884,0.82364,0.4731
15,75,False,0.845579981803894,0.4603999853134155,0.44276,0.433,0.53936,0.4896,0.59232,0.4864,0.68466,0.4895,0.79456,0.4827,0.82224,0.4612
15,76,False,0.8388000130653381,0.4675000011920929,0.443,0.4331,0.53954,0.4882,0.59188,0.4867,0.67938,0.4939,0.7835,0.4849,0.81212,0.4696
15,77,False,0.8492000102996826,0.4648999869823456,0.44086,0.4309,0.53894,0.4886,0.59168,0.489,0.68198,0.4903,0.78566,0.4832,0.82252,0.4658
15,78,False,0.8484399914741516,0.46480000019073486,0.44258,0.4321,0.53772,0.4865,0.5883,0.4891,0.67076,0.4841,0.76542,0.4872,0.78948,0.4623
15,79,False,0.8507599830627441,0.47130000591278076,0.443,0.4304,0.53974,0.4846,0.59398,0.4935,0.67892,0.4897,0.78458,0.484,0.81346,0.4694
15,80,False,0.8552799820899963,0.4648999869823456,0.44174,0.4323,0.53944,0.488,0.5935,0.487,0.68522,0.4882,0.79222,0.4808,0.81756,0.4626
15,81,False,0.8516200184822083,0.4611999988555908,0.4416,0.4312,0.53534,0.4882,0.58738,0.4894,0.66842,0.4911,0.76364,0.4842,0.7925,0.4631
15,82,False,0.8501600027084351,0.46299999952316284,0.44252,0.4329,0.53554,0.4871,0.5877,0.4891,0.664,0.4889,0.76006,0.4833,0.7862,0.4677
15,83,False,0.8524799942970276,0.4609000086784363,0.44196,0.4286,0.53996,0.4867,0.5965,0.487,0.68238,0.4828,0.79174,0.4809,0.82494,0.4578
15,84,False,0.8553400039672852,0.4706999957561493,0.4418,0.4335,0.5388,0.4894,0.58908,0.488,0.67434,0.4816,0.77782,0.4823,0.81124,0.4627
15,85,False,0.8550199866294861,0.4659999907016754,0.4433,0.4319,0.53872,0.4879,0.596,0.4838,0.68528,0.4876,0.79752,0.4852,0.8389,0.4626
15,86,False,0.8570399880409241,0.475600004196167,0.44206,0.4315,0.53806,0.485,0.59294,0.4862,0.68428,0.4866,0.79698,0.4827,0.83218,0.4669
15,87,False,0.8580399751663208,0.46320000290870667,0.44194,0.4301,0.53962,0.4867,0.59618,0.4898,0.68668,0.4874,0.80006,0.4808,0.84092,0.4646
15,88,False,0.864799976348877,0.4717000126838684,0.44282,0.43,0.53752,0.4881,0.59396,0.4878,0.68104,0.4897,0.78516,0.4865,0.81892,0.4625
15,89,False,0.8647599816322327,0.47679999470710754,0.4417,0.4323,0.53998,0.4856,0.5977,0.4917,0.68842,0.4901,0.8013,0.488,0.8424,0.4703
15,90,False,0.8709200024604797,0.4652999937534332,0.44098,0.429,0.5371,0.484,0.58936,0.4884,0.66818,0.487,0.76818,0.4828,0.79618,0.4624
15,91,False,0.8622000217437744,0.4681999981403351,0.44238,0.4282,0.53732,0.4832,0.59218,0.4872,0.68352,0.4888,0.80042,0.4852,0.83606,0.4647
15,92,False,0.8658400177955627,0.46399998664855957,0.44264,0.4301,0.53768,0.4871,0.59498,0.4874,0.68554,0.4841,0.80616,0.4808,0.84296,0.4609
15,93,False,0.8695799708366394,0.47189998626708984,0.44074,0.4308,0.53862,0.4826,0.59576,0.4857,0.68512,0.4887,0.8069,0.4873,0.84712,0.4702
15,94,False,0.872160017490387,0.4668999910354614,0.44298,0.433,0.53696,0.4875,0.59408,0.4868,0.68924,0.4848,0.80488,0.4842,0.84434,0.4658
15,95,False,0.8703200221061707,0.4661000072956085,0.4416,0.433,0.53764,0.4888,0.59344,0.4886,0.68494,0.4884,0.79628,0.4837,0.83014,0.4616
15,96,False,0.8675400018692017,0.4684000015258789,0.44316,0.4326,0.53854,0.4878,0.59624,0.4879,0.685,0.4861,0.8023,0.4802,0.84058,0.46
15,97,False,0.871940016746521,0.4661000072956085,0.44346,0.4313,0.53652,0.4861,0.59572,0.4899,0.68872,0.49,0.80528,0.4837,0.84272,0.4651
15,98,False,0.8804000020027161,0.4683000147342682,0.44078,0.4315,0.53476,0.4906,0.59116,0.4847,0.67848,0.4891,0.78912,0.4837,0.8254,0.464
15,99,False,0.8766800165176392,0.4675000011920929,0.44134,0.4333,0.53732,0.488,0.594,0.4846,0.69178,0.4889,0.80946,0.4767,0.85544,0.465
15,100,False,0.8703399896621704,0.4690999984741211,0.44336,0.4298,0.53816,0.4884,0.5918,0.4901,0.67728,0.493,0.79322,0.4836,0.82814,0.4689
16,0,False,0.09583999961614609,0.09740000218153,0.3923,0.3826,0.41876,0.3995,0.37872,0.3691,0.36638,0.3579,0.38322,0.368,0.35228,0.3449
16,1,False,0.3032200038433075,0.3589000105857849,0.36444,0.3681,0.42386,0.4108,0.3974,0.3997,0.39764,0.3954,0.40904,0.3946,0.39264,0.388
16,2,False,0.3689799904823303,0.3774000108242035,0.38934,0.3883,0.44848,0.4352,0.42716,0.4234,0.4294,0.426,0.43754,0.4288,0.42532,0.419
16,3,False,0.4008199870586395,0.424699991941452,0.4005,0.4011,0.4654,0.4562,0.44878,0.4466,0.45454,0.4492,0.46328,0.4544,0.45398,0.4515
16,4,False,0.4232800006866455,0.4221000075340271,0.40234,0.4008,0.47406,0.4606,0.4579,0.4501,0.46364,0.4528,0.47536,0.465,0.46578,0.4553
16,5,False,0.4444200098514557,0.41659998893737793,0.41268,0.409,0.48378,0.4685,0.47168,0.4581,0.47902,0.467,0.48846,0.4731,0.47668,0.4673
16,6,False,0.4531799852848053,0.4553999900817871,0.41374,0.4118,0.49052,0.4714,0.48294,0.4686,0.4896,0.471,0.49744,0.475,0.49146,0.4731
16,7,False,0.4683000147342682,0.4602999985218048,0.41802,0.4107,0.4955,0.4753,0.48984,0.4667,0.49976,0.4759,0.51158,0.4813,0.50256,0.4782
16,8,False,0.47247999906539917,0.4584999978542328,0.41782,0.4071,0.49944,0.4744,0.49618,0.4739,0.50592,0.4758,0.51806,0.4878,0.51306,0.4819
16,9,False,0.4821000099182129,0.47909998893737793,0.4209,0.4078,0.5058,0.4756,0.50558,0.4783,0.51742,0.4835,0.52898,0.4888,0.52168,0.486
16,10,False,0.49540001153945923,0.47200000286102295,0.42184,0.4103,0.50702,0.4823,0.5079,0.4799,0.5213,0.4849,0.53368,0.4873,0.52732,0.488
16,11,False,0.5026199817657471,0.46959999203681946,0.42228,0.4093,0.51044,0.4823,0.5102,0.4773,0.52354,0.4771,0.53798,0.4852,0.53294,0.4839
16,12,False,0.5080199837684631,0.48410001397132874,0.42296,0.412,0.51024,0.4809,0.51406,0.4743,0.5341,0.4862,0.54678,0.4909,0.54054,0.4901
16,13,False,0.5184199810028076,0.4902999997138977,0.42208,0.4136,0.51416,0.4817,0.52504,0.4806,0.54792,0.4902,0.56132,0.4964,0.55632,0.4969
16,14,False,0.5264000296592712,0.4749999940395355,0.4234,0.4104,0.51484,0.484,0.52128,0.48,0.5424,0.4905,0.557,0.4936,0.55218,0.491
16,15,False,0.5325800180435181,0.4814999997615814,0.42252,0.4103,0.51564,0.4872,0.5277,0.4788,0.55398,0.4867,0.56998,0.4914,0.56502,0.4911
16,16,False,0.5404599905014038,0.4918999969959259,0.4229,0.4129,0.51656,0.4886,0.53154,0.4898,0.55844,0.4911,0.57774,0.5015,0.57382,0.499
16,17,False,0.5486000180244446,0.483599990606308,0.4243,0.4116,0.51474,0.4838,0.5314,0.4832,0.55744,0.4881,0.57488,0.4965,0.57128,0.49
16,18,False,0.555899977684021,0.48739999532699585,0.42356,0.4115,0.51944,0.4868,0.54074,0.4869,0.57434,0.4938,0.59514,0.4978,0.59178,0.4912
16,19,False,0.5627800226211548,0.48069998621940613,0.4216,0.4111,0.51862,0.4859,0.53596,0.4788,0.56828,0.4881,0.59222,0.4922,0.5917,0.492
16,20,False,0.570580005645752,0.49219998717308044,0.42292,0.4123,0.5222,0.4883,0.54782,0.4853,0.58558,0.4936,0.6111,0.5014,0.60886,0.5028
16,21,False,0.5787000060081482,0.49059998989105225,0.4224,0.4105,0.5219,0.4881,0.54522,0.4827,0.58238,0.4889,0.60936,0.497,0.60852,0.4957
16,22,False,0.5874599814414978,0.48750001192092896,0.42268,0.4132,0.52104,0.4885,0.54828,0.4856,0.58828,0.4888,0.61632,0.4935,0.617,0.4923
16,23,False,0.5992599725723267,0.486299991607666,0.42454,0.4113,0.5247,0.4855,0.55402,0.4851,0.5956,0.4904,0.6262,0.4971,0.63042,0.4918
16,24,False,0.6029000282287598,0.4823000133037567,0.4208,0.4081,0.51824,0.4837,0.54612,0.4805,0.58748,0.486,0.6178,0.4891,0.6166,0.4843
16,25,False,0.6095600128173828,0.4869999885559082,0.4216,0.411,0.52314,0.4878,0.55838,0.4828,0.61138,0.4911,0.64838,0.4967,0.6509,0.4875
16,26,False,0.6168799996376038,0.4871000051498413,0.42168,0.4138,0.5208,0.4858,0.54886,0.4789,0.5965,0.4898,0.63332,0.4943,0.63414,0.4954
16,27,False,0.6251999735832214,0.4830000102519989,0.42208,0.4113,0.52116,0.4876,0.55258,0.482,0.60596,0.487,0.6477,0.4917,0.6491,0.4837
16,28,False,0.6339399814605713,0.4724000096321106,0.42216,0.4104,0.52112,0.4843,0.55572,0.4832,0.6092,0.4892,0.64484,0.4829,0.64678,0.4803
16,29,False,0.6424199938774109,0.478300005197525,0.42188,0.411,0.52172,0.4883,0.5515,0.4814,0.60314,0.4799,0.64244,0.4873,0.6442,0.4851
16,30,False,0.6511399745941162,0.47780001163482666,0.42246,0.4125,0.52232,0.4885,0.55564,0.4785,0.61266,0.4834,0.65838,0.4832,0.66538,0.4825
16,31,False,0.6564599871635437,0.48570001125335693,0.42216,0.4105,0.52302,0.4841,0.56082,0.4809,0.6176,0.4866,0.66194,0.4875,0.66882,0.484
16,32,False,0.6647999882698059,0.47620001435279846,0.42062,0.4108,0.52052,0.4846,0.5577,0.4784,0.61678,0.4862,0.66052,0.4868,0.66668,0.4828
16,33,False,0.6669399738311768,0.4749000072479248,0.42234,0.4157,0.522,0.4819,0.5615,0.4836,0.61862,0.4872,0.66778,0.4892,0.67344,0.4795
16,34,False,0.6766800284385681,0.47130000591278076,0.42158,0.4133,0.5216,0.4816,0.56068,0.4787,0.62082,0.4816,0.67216,0.4822,0.68324,0.4762
16,35,False,0.6848199963569641,0.4717999994754791,0.42194,0.4108,0.52528,0.4877,0.56442,0.4781,0.62632,0.4832,0.67994,0.484,0.69156,0.4788
16,36,False,0.6946600079536438,0.46869999170303345,0.42278,0.4125,0.52366,0.4867,0.56484,0.4831,0.62788,0.4851,0.68172,0.4796,0.69292,0.4697
16,37,False,0.6936799883842468,0.4691999852657318,0.42218,0.4124,0.52586,0.4865,0.5659,0.4794,0.63522,0.4859,0.69298,0.4871,0.70402,0.4706
16,38,False,0.7070000171661377,0.47040000557899475,0.42172,0.413,0.52346,0.4832,0.56826,0.4811,0.63606,0.4871,0.69832,0.4791,0.71298,0.476
16,39,False,0.7150200009346008,0.4767000079154968,0.421,0.4127,0.52308,0.4856,0.56224,0.4793,0.62954,0.483,0.69446,0.4789,0.70886,0.4772
16,40,False,0.7175599932670593,0.46480000019073486,0.4209,0.4113,0.5231,0.4856,0.57058,0.4802,0.63872,0.4859,0.70584,0.4822,0.71874,0.4703
16,41,False,0.7229800224304199,0.46720001101493835,0.42282,0.414,0.52364,0.4882,0.56792,0.4786,0.63524,0.4819,0.69812,0.477,0.71154,0.4684
16,42,False,0.7280399799346924,0.47110000252723694,0.42236,0.4114,0.52338,0.4845,0.56404,0.4786,0.6372,0.4786,0.7091,0.476,0.72448,0.4686
16,43,False,0.733680009841919,0.46459999680519104,0.4208,0.4118,0.52448,0.4803,0.56762,0.4819,0.64256,0.4762,0.71324,0.473,0.72848,0.4668
16,44,False,0.7380200028419495,0.45820000767707825,0.42152,0.4129,0.5238,0.4836,0.57136,0.4756,0.64678,0.4814,0.72152,0.4758,0.73166,0.4662
16,45,False,0.7439799904823303,0.4659999907016754,0.4217,0.4121,0.52254,0.4844,0.56292,0.4795,0.63824,0.4824,0.70662,0.478,0.72414,0.4671
16,46,False,0.7487599849700928,0.46650001406669617,0.42104,0.4115,0.52082,0.4846,0.56176,0.4739,0.6379,0.4771,0.70766,0.4781,0.72498,0.4708
16,47,False,0.7559000253677368,0.4700999855995178,0.42086,0.4121,0.5204,0.4797,0.56294,0.478,0.6377,0.4874,0.7097,0.4862,0.72322,0.4726
16,48,False,0.755620002746582,0.4609000086784363,0.42264,0.4125,0.52382,0.4867,0.56658,0.48,0.64142,0.4842,0.71772,0.4765,0.73452,0.4704
16,49,False,0.7600399851799011,0.4611999988555908,0.42136,0.412,0.5216,0.4861,0.56634,0.4735,0.64274,0.4791,0.7203,0.4699,0.74264,0.4654
16,50,False,0.7664600014686584,0.4618000090122223,0.42188,0.4123,0.5218,0.4826,0.56876,0.4798,0.65066,0.4811,0.73518,0.4811,0.75918,0.4656
16,51,False,0.7717199921607971,0.4575999975204468,0.42216,0.4102,0.52286,0.4819,0.57054,0.4784,0.65194,0.4873,0.72918,0.474,0.75646,0.4657
16,52,False,0.7787600159645081,0.4507000148296356,0.42232,0.4124,0.5235,0.4856,0.5712,0.4788,0.6516,0.4778,0.73504,0.4749,0.76184,0.458
16,53,False,0.7747600078582764,0.46480000019073486,0.4207,0.4103,0.52206,0.4838,0.56738,0.478,0.65074,0.4802,0.73308,0.4756,0.75854,0.4684
16,54,False,0.7790799736976624,0.4697999954223633,0.42056,0.4127,0.52308,0.4873,0.5702,0.4804,0.65416,0.4814,0.7372,0.4776,0.76754,0.4628
16,55,False,0.7874000072479248,0.4569000005722046,0.42138,0.409,0.52134,0.4821,0.56876,0.4802,0.64938,0.4817,0.73176,0.4741,0.76042,0.4627
16,56,False,0.7907800078392029,0.46239998936653137,0.4204,0.4113,0.52072,0.4843,0.56604,0.4779,0.6456,0.4787,0.72594,0.4754,0.75036,0.4616
16,57,False,0.7950000166893005,0.4593999981880188,0.421,0.4105,0.52196,0.4836,0.57086,0.4823,0.65392,0.4831,0.73956,0.474,0.77124,0.4626
16,58,False,0.8018199801445007,0.45239999890327454,0.42126,0.4119,0.52292,0.4834,0.5692,0.4778,0.64762,0.4768,0.73146,0.476,0.75838,0.4559
16,59,False,0.7975599765777588,0.4433000087738037,0.422,0.4104,0.52036,0.4831,0.564,0.4813,0.63986,0.4767,0.71776,0.4684,0.73502,0.4508
16,60,False,0.8058599829673767,0.4580000042915344,0.4217,0.4111,0.5213,0.4873,0.56988,0.4779,0.65386,0.4767,0.74442,0.4743,0.77746,0.4611
16,61,False,0.8076199889183044,0.4580000042915344,0.42018,0.4102,0.52148,0.4852,0.56984,0.4741,0.65482,0.4766,0.74622,0.4757,0.78294,0.4622
16,62,False,0.811959981918335,0.46230000257492065,0.42234,0.41,0.52266,0.4857,0.57154,0.4754,0.66106,0.4825,0.75246,0.4715,0.78956,0.4604
16,63,False,0.8212400078773499,0.44760000705718994,0.4211,0.4069,0.52196,0.481,0.5673,0.4796,0.64686,0.4778,0.72716,0.4728,0.75556,0.4557
16,64,False,0.8062000274658203,0.460999995470047,0.42194,0.4117,0.52346,0.4856,0.57284,0.4765,0.65612,0.481,0.74826,0.4687,0.78722,0.4641
16,65,False,0.8116199970245361,0.4560000002384186,0.42108,0.409,0.5234,0.4871,0.5695,0.4806,0.65166,0.4827,0.74654,0.4714,0.77698,0.462
16,66,False,0.8251199722290039,0.4555000066757202,0.4197,0.4088,0.5207,0.4825,0.56866,0.4799,0.65368,0.4786,0.74538,0.4691,0.77748,0.4594
16,67,False,0.8252599835395813,0.4571000039577484,0.422,0.4114,0.5215,0.487,0.57126,0.4752,0.65406,0.4792,0.74792,0.4751,0.78264,0.4567
16,68,False,0.8190400004386902,0.4542999863624573,0.4217,0.4108,0.52138,0.4843,0.56994,0.4787,0.65974,0.4806,0.75876,0.4744,0.7995,0.4583
16,69,False,0.8352400064468384,0.44859999418258667,0.4202,0.4123,0.5209,0.4849,0.57246,0.4781,0.66104,0.4744,0.76096,0.4679,0.79892,0.457
16,70,False,0.8328400254249573,0.4634999930858612,0.42146,0.4106,0.52338,0.4854,0.5738,0.4779,0.66184,0.4778,0.76684,0.4693,0.80978,0.4591
16,71,False,0.8329399824142456,0.45739999413490295,0.42144,0.4105,0.52034,0.4862,0.57312,0.4816,0.6601,0.4793,0.76322,0.4719,0.80396,0.4566
16,72,False,0.8365799784660339,0.45680001378059387,0.42226,0.4099,0.52206,0.4863,0.57544,0.4783,0.66612,0.4747,0.77382,0.4694,0.81456,0.4568
16,73,False,0.8410400152206421,0.45829999446868896,0.42232,0.414,0.52174,0.4836,0.57356,0.4805,0.667,0.4717,0.77664,0.4708,0.82352,0.4588
16,74,False,0.8417800068855286,0.4471000134944916,0.42198,0.4117,0.5221,0.4841,0.56922,0.4742,0.65608,0.4734,0.75182,0.4729,0.79066,0.4535
16,75,False,0.8349400162696838,0.4487000107765198,0.42238,0.4112,0.52148,0.4839,0.57278,0.4711,0.66168,0.4721,0.76546,0.4721,0.80414,0.452
16,76,False,0.8467000126838684,0.44200000166893005,0.42192,0.4115,0.51984,0.4818,0.56978,0.4808,0.65654,0.472,0.7541,0.4695,0.79294,0.4522
16,77,False,0.8473799824714661,0.44859999418258667,0.42178,0.4108,0.52292,0.4871,0.57174,0.4811,0.66306,0.4758,0.7678,0.4676,0.81156,0.4547
16,78,False,0.8501600027084351,0.4474000036716461,0.42144,0.4125,0.52196,0.4834,0.57636,0.48,0.66724,0.4777,0.77896,0.4745,0.82392,0.4534
16,79,False,0.8508800268173218,0.4496000111103058,0.42084,0.412,0.521,0.4875,0.57388,0.4767,0.6692,0.4771,0.78476,0.4729,0.8348,0.4535
16,80,False,0.852840006351471,0.4578000009059906,0.4207,0.4109,0.52092,0.4825,0.57628,0.4819,0.6651,0.4792,0.7729,0.4723,0.81932,0.4568
16,81,False,0.8528599739074707,0.4519999921321869,0.42028,0.4078,0.52106,0.4849,0.57056,0.4761,0.65862,0.479,0.76024,0.4747,0.8018,0.4557
16,82,False,0.8583800196647644,0.4447000026702881,0.41998,0.4124,0.52334,0.4845,0.57314,0.4768,0.66418,0.4747,0.7672,0.4675,0.81506,0.4537
16,83,False,0.8580399751663208,0.4417000114917755,0.42016,0.4091,0.52222,0.4855,0.57018,0.4791,0.65576,0.4754,0.75342,0.4679,0.79192,0.4447
16,84,False,0.8570799827575684,0.45419999957084656,0.42018,0.4108,0.52272,0.4857,0.57484,0.481,0.66722,0.4778,0.78502,0.469,0.83218,0.4521
16,85,False,0.8628799915313721,0.45179998874664307,0.42116,0.4113,0.52176,0.4857,0.5694,0.4812,0.66024,0.4761,0.76494,0.4671,0.803,0.449
16,86,False,0.8605200052261353,0.44679999351501465,0.42062,0.41,0.52246,0.4835,0.57616,0.4754,0.6757,0.4752,0.7904,0.4642,0.84286,0.4475
16,87,False,0.8608400225639343,0.45089998841285706,0.4204,0.4116,0.52376,0.4837,0.57026,0.4757,0.65828,0.4748,0.7621,0.4684,0.80792,0.4543
16,88,False,0.8633999824523926,0.4489000141620636,0.42098,0.4134,0.5221,0.4834,0.57596,0.4764,0.67176,0.4739,0.78176,0.4677,0.82926,0.4527
16,89,False,0.8674600124359131,0.45559999346733093,0.42004,0.4126,0.52112,0.4848,0.57312,0.4827,0.66572,0.4808,0.78034,0.4668,0.82622,0.4496
16,90,False,0.858739972114563,0.44600000977516174,0.42072,0.4133,0.52194,0.4817,0.57086,0.4798,0.65906,0.4763,0.7621,0.4684,0.80524,0.4418
16,91,False,0.8665599822998047,0.43970000743865967,0.42038,0.4112,0.52084,0.482,0.57506,0.478,0.66716,0.4782,0.78616,0.465,0.837,0.4478
16,92,False,0.8712000250816345,0.44830000400543213,0.41944,0.4094,0.52138,0.4843,0.57408,0.4793,0.67496,0.4784,0.79842,0.4694,0.849,0.4454
16,93,False,0.8727200031280518,0.4499000012874603,0.42,0.4102,0.52052,0.4841,0.57446,0.4778,0.67454,0.4727,0.79566,0.4651,0.84734,0.4453
16,94,False,0.8744000196456909,0.44020000100135803,0.41972,0.41,0.5207,0.4802,0.57144,0.4749,0.6637,0.4747,0.77668,0.4628,0.82532,0.4435
16,95,False,0.87117999792099,0.4472000002861023,0.42122,0.4101,0.52086,0.4838,0.57476,0.4794,0.66982,0.4761,0.78836,0.4633,0.83782,0.4478
16,96,False,0.8711599707603455,0.448199987411499,0.42044,0.4117,0.52196,0.4849,0.573,0.4778,0.66842,0.4791,0.78654,0.4644,0.84092,0.4472
16,97,False,0.8779799938201904,0.45419999957084656,0.42142,0.4123,0.52276,0.4829,0.57826,0.4741,0.67594,0.4792,0.80462,0.4666,0.86386,0.4475
16,98,False,0.8727800250053406,0.4555000066757202,0.42072,0.4133,0.52182,0.4866,0.57494,0.476,0.66856,0.4755,0.7864,0.4666,0.83908,0.4456
16,99,False,0.8769999742507935,0.45080000162124634,0.42026,0.4103,0.52088,0.486,0.57604,0.4747,0.66974,0.4761,0.78824,0.4702,0.84484,0.4493
16,100,False,0.8785200119018555,0.4593999981880188,0.42066,0.4107,0.52092,0.4834,0.57466,0.4786,0.67242,0.4794,0.79802,0.4693,0.85654,0.4521
17,0,False,0.10453999787569046,0.10300000011920929,0.39892,0.3977,0.41852,0.4111,0.37864,0.376,0.3724,0.3694,0.38984,0.3799,0.35798,0.3502
17,1,False,0.2933399975299835,0.3463999927043915,0.37732,0.3815,0.43078,0.4191,0.39764,0.3963,0.40516,0.4013,0.4111,0.4011,0.39518,0.3947
17,2,False,0.3723999857902527,0.4083000123500824,0.40074,0.4009,0.45544,0.4493,0.43226,0.43,0.43886,0.4332,0.44382,0.4364,0.42912,0.4307
17,3,False,0.4010399878025055,0.41119998693466187,0.41078,0.4172,0.46662,0.4603,0.44398,0.4433,0.45206,0.4505,0.46302,0.4514,0.44694,0.4437
17,4,False,0.42767998576164246,0.41999998688697815,0.41268,0.4121,0.4773,0.4653,0.4584,0.4513,0.46538,0.4589,0.47538,0.4615,0.4623,0.4582
17,5,False,0.44196000695228577,0.44760000705718994,0.4203,0.4191,0.48836,0.4742,0.4752,0.4634,0.48402,0.467,0.49046,0.4714,0.48268,0.4687
17,6,False,0.4542199969291687,0.4542999863624573,0.42268,0.4204,0.49336,0.4748,0.48622,0.4669,0.4956,0.4779,0.50354,0.4839,0.497,0.4769
17,7,False,0.46827998757362366,0.46470001339912415,0.42366,0.4141,0.4987,0.4769,0.49456,0.4791,0.50706,0.4794,0.51438,0.4848,0.50438,0.479
17,8,False,0.48010000586509705,0.46650001406669617,0.4278,0.4199,0.50488,0.4821,0.50344,0.481,0.51434,0.488,0.52452,0.4919,0.51676,0.4893
17,9,False,0.49333998560905457,0.45660001039505005,0.42802,0.4222,0.50904,0.4902,0.50618,0.4863,0.51818,0.4952,0.52508,0.4946,0.51844,0.4884
17,10,False,0.503059983253479,0.4684999883174896,0.43162,0.4217,0.51036,0.4882,0.51478,0.4907,0.5294,0.4961,0.54166,0.5009,0.5329,0.4971
17,11,False,0.5085600018501282,0.4837000072002411,0.43008,0.4164,0.51414,0.4881,0.51838,0.4882,0.53488,0.4923,0.54526,0.4988,0.54022,0.495
17,12,False,0.5223000049591064,0.483599990606308,0.43294,0.4203,0.51786,0.4933,0.5257,0.491,0.54404,0.4997,0.5545,0.5065,0.54822,0.5027
17,13,False,0.5288000106811523,0.46639999747276306,0.4299,0.4201,0.51786,0.4921,0.52388,0.4892,0.538,0.4922,0.54958,0.495,0.54106,0.49
17,14,False,0.5364800095558167,0.4740999937057495,0.4312,0.4228,0.52262,0.4926,0.53378,0.493,0.55452,0.4947,0.5672,0.496,0.55892,0.4955
17,15,False,0.5432599782943726,0.4957999885082245,0.42988,0.4202,0.52428,0.4902,0.5435,0.4921,0.56812,0.5,0.586,0.5103,0.58148,0.5058
17,16,False,0.5503799915313721,0.48170000314712524,0.43268,0.4201,0.52414,0.4914,0.54172,0.4927,0.56458,0.4993,0.58088,0.4996,0.57606,0.4988
17,17,False,0.5575799942016602,0.5047000050544739,0.43248,0.4196,0.52804,0.4949,0.55158,0.5,0.57964,0.5018,0.6003,0.5087,0.59658,0.5089
17,18,False,0.5657600164413452,0.5001000165939331,0.43318,0.4198,0.52874,0.4912,0.54842,0.4948,0.58034,0.5007,0.59932,0.5082,0.5966,0.5038
17,19,False,0.5748999714851379,0.4984999895095825,0.43222,0.4156,0.53056,0.4927,0.5615,0.4958,0.59496,0.5045,0.61546,0.5105,0.61204,0.5052
17,20,False,0.582260012626648,0.4925999939441681,0.43188,0.4204,0.52976,0.4929,0.55748,0.4973,0.58574,0.4992,0.60666,0.5023,0.60384,0.5001
17,21,False,0.5934399962425232,0.4855000078678131,0.43304,0.4211,0.52986,0.4962,0.55768,0.4902,0.58944,0.497,0.6099,0.4991,0.60752,0.4954
17,22,False,0.6017799973487854,0.4756999909877777,0.43324,0.4182,0.52924,0.4991,0.55386,0.4915,0.5927,0.4912,0.61524,0.4964,0.60892,0.4913
17,23,False,0.6077399849891663,0.4896000027656555,0.43408,0.4188,0.5326,0.4929,0.5688,0.4952,0.60954,0.5032,0.63776,0.5031,0.63788,0.4983
17,24,False,0.6169599890708923,0.48559999465942383,0.4333,0.4183,0.53052,0.4963,0.56414,0.4955,0.60462,0.4954,0.63516,0.4998,0.6313,0.4951
17,25,False,0.6251800060272217,0.49900001287460327,0.43304,0.4214,0.5353,0.4957,0.57496,0.4969,0.62188,0.5029,0.6538,0.5012,0.65604,0.5043
17,26,False,0.6332600116729736,0.49050000309944153,0.4332,0.4184,0.53488,0.4946,0.5741,0.4917,0.62088,0.5005,0.6584,0.5055,0.65556,0.5005
17,27,False,0.6402400135993958,0.48570001125335693,0.43314,0.4246,0.53428,0.498,0.57456,0.4941,0.62316,0.4973,0.65778,0.4987,0.65786,0.4972
17,28,False,0.6440600156784058,0.4871000051498413,0.4316,0.421,0.5337,0.496,0.5745,0.4891,0.62176,0.4952,0.6593,0.4975,0.65938,0.493
17,29,False,0.6553400158882141,0.49470001459121704,0.4325,0.4203,0.53628,0.4964,0.58058,0.4951,0.63212,0.4972,0.67322,0.5056,0.67624,0.4973
17,30,False,0.6628199815750122,0.4936999976634979,0.4317,0.4201,0.5369,0.4949,0.5804,0.4948,0.63796,0.5029,0.68462,0.4975,0.68616,0.4959
17,31,False,0.6718800067901611,0.4984000027179718,0.43218,0.4188,0.53654,0.4953,0.57928,0.4926,0.6369,0.5029,0.68008,0.5068,0.68648,0.5015
17,32,False,0.6777799725532532,0.4860000014305115,0.43028,0.4239,0.53292,0.4924,0.5743,0.4959,0.6266,0.4972,0.67026,0.5001,0.67318,0.4917
17,33,False,0.6802600026130676,0.4884999990463257,0.43314,0.4183,0.53572,0.4951,0.5794,0.4907,0.63786,0.4959,0.68964,0.5003,0.69576,0.4928
17,34,False,0.6890599727630615,0.4832000136375427,0.43236,0.4182,0.53596,0.4969,0.57768,0.489,0.63836,0.493,0.68754,0.4987,0.69056,0.4941
17,35,False,0.6973599791526794,0.482699990272522,0.43102,0.4188,0.53404,0.496,0.57754,0.4867,0.63152,0.4886,0.68336,0.4917,0.68574,0.4884
17,36,False,0.7018600106239319,0.48100000619888306,0.43142,0.4189,0.5366,0.4939,0.5835,0.4934,0.64766,0.4979,0.7029,0.4974,0.70978,0.4909
17,37,False,0.7051600217819214,0.47679999470710754,0.43164,0.4194,0.53446,0.4906,0.57988,0.4897,0.64494,0.4932,0.7026,0.4923,0.7101,0.4872
17,38,False,0.7165399789810181,0.4778999984264374,0.43302,0.4209,0.5343,0.4953,0.58052,0.4874,0.63834,0.4935,0.69344,0.4941,0.69716,0.4892
17,39,False,0.7184600234031677,0.4880000054836273,0.43234,0.421,0.53562,0.4944,0.58766,0.4952,0.6522,0.4972,0.71512,0.4963,0.7265,0.4915
17,40,False,0.7266799807548523,0.484499990940094,0.43196,0.4204,0.53578,0.4974,0.58502,0.4899,0.65316,0.4963,0.71826,0.4949,0.72596,0.4921
17,41,False,0.7343199849128723,0.4832000136375427,0.43104,0.4178,0.53496,0.4933,0.58292,0.4854,0.64634,0.4964,0.70736,0.4997,0.72022,0.4849
17,42,False,0.7358800172805786,0.4805999994277954,0.43312,0.4195,0.536,0.4931,0.58832,0.4953,0.65538,0.4938,0.72488,0.4964,0.7375,0.4884
17,43,False,0.7393800020217896,0.4860999882221222,0.43032,0.4195,0.53654,0.4908,0.58832,0.4923,0.66062,0.4911,0.7321,0.4907,0.74704,0.485
17,44,False,0.7515599727630615,0.48190000653266907,0.43056,0.4196,0.53624,0.4935,0.5872,0.4882,0.65846,0.4918,0.72838,0.4918,0.74414,0.4864
17,45,False,0.7532399892807007,0.4690000116825104,0.43052,0.4195,0.53526,0.4968,0.58492,0.488,0.65392,0.4922,0.72852,0.4875,0.73964,0.4786
17,46,False,0.7537400126457214,0.47380000352859497,0.4309,0.4208,0.53652,0.4899,0.58964,0.4872,0.6653,0.4902,0.7458,0.488,0.76256,0.4773
17,47,False,0.7619799971580505,0.47620001435279846,0.42974,0.4192,0.53354,0.4914,0.58082,0.483,0.65156,0.4893,0.7243,0.4956,0.73864,0.48
17,48,False,0.7709400057792664,0.4839000105857849,0.432,0.4212,0.53746,0.4942,0.58974,0.4914,0.66308,0.4938,0.73962,0.4956,0.7524,0.4849
17,49,False,0.7760400176048279,0.4781000018119812,0.4309,0.4208,0.53578,0.494,0.59108,0.4888,0.66814,0.4918,0.75046,0.488,0.76968,0.4806
17,50,False,0.7761600017547607,0.4715999960899353,0.43212,0.4206,0.53448,0.4948,0.58494,0.4861,0.66286,0.4869,0.74264,0.4882,0.75698,0.4782
17,51,False,0.7849000096321106,0.47209998965263367,0.42932,0.4202,0.53468,0.4942,0.5873,0.4906,0.6582,0.4876,0.73514,0.485,0.75206,0.475
17,52,False,0.7856600284576416,0.4693000018596649,0.4309,0.4183,0.5355,0.4939,0.58852,0.4899,0.6668,0.4899,0.75006,0.4896,0.77386,0.4776
17,53,False,0.7892400026321411,0.4602999985218048,0.43004,0.4195,0.53688,0.4993,0.5884,0.4897,0.66228,0.4884,0.74208,0.4878,0.7549,0.4708
17,54,False,0.785260021686554,0.4731000065803528,0.43108,0.4179,0.5362,0.4912,0.59596,0.4894,0.6751,0.4892,0.76932,0.4891,0.7962,0.4756
17,55,False,0.8036800026893616,0.4690999984741211,0.43084,0.4182,0.53526,0.4973,0.59018,0.4917,0.66156,0.4913,0.74694,0.4865,0.76806,0.4747
17,56,False,0.801580011844635,0.4706999957561493,0.43022,0.418,0.538,0.4928,0.5965,0.4919,0.67652,0.4893,0.76938,0.4864,0.79548,0.4738
17,57,False,0.8042200207710266,0.47110000252723694,0.43112,0.4205,0.53534,0.4961,0.59154,0.4904,0.66556,0.4892,0.75094,0.4897,0.77082,0.4736
17,58,False,0.8037800192832947,0.4666999876499176,0.42978,0.419,0.53646,0.4915,0.59422,0.4876,0.67548,0.4933,0.76816,0.4835,0.79248,0.4704
17,59,False,0.8058000206947327,0.4657999873161316,0.42944,0.416,0.53322,0.4887,0.58388,0.4859,0.65552,0.4905,0.73948,0.4894,0.75766,0.4734
17,60,False,0.8126800060272217,0.47029998898506165,0.42896,0.4181,0.53364,0.49,0.5918,0.4886,0.66796,0.4921,0.76206,0.4828,0.79248,0.4744
17,61,False,0.8131600022315979,0.4749999940395355,0.4305,0.42,0.53528,0.4886,0.59384,0.483,0.67646,0.4901,0.77248,0.4894,0.80326,0.4746
17,62,False,0.8195800185203552,0.47679999470710754,0.43034,0.4183,0.53726,0.4943,0.59158,0.4864,0.67098,0.4893,0.7665,0.4884,0.79924,0.4776
17,63,False,0.8168399930000305,0.4690999984741211,0.431,0.4207,0.53716,0.4973,0.59054,0.4847,0.67334,0.4845,0.7695,0.487,0.7983,0.472
17,64,False,0.8276399970054626,0.46790000796318054,0.43036,0.4191,0.53728,0.4911,0.59582,0.4851,0.68256,0.4861,0.78492,0.4855,0.8173,0.4727
17,65,False,0.8226400017738342,0.46790000796318054,0.43184,0.4182,0.5359,0.494,0.59084,0.4862,0.67246,0.4906,0.76418,0.4867,0.7898,0.4687
17,66,False,0.8238999843597412,0.4702000021934509,0.4294,0.4186,0.53568,0.4911,0.59244,0.4867,0.67872,0.4861,0.78174,0.4888,0.81318,0.4747
17,67,False,0.8342599868774414,0.4675000011920929,0.42894,0.4183,0.53594,0.4931,0.59072,0.4851,0.66868,0.489,0.76546,0.4858,0.78982,0.4694
17,68,False,0.8307399749755859,0.46889999508857727,0.42936,0.4165,0.53548,0.4924,0.59452,0.4862,0.6714,0.4853,0.77252,0.4916,0.80264,0.475
17,69,False,0.8342199921607971,0.46389999985694885,0.42878,0.4177,0.53436,0.4947,0.59206,0.4831,0.67126,0.4865,0.7679,0.4869,0.79788,0.4659
17,70,False,0.8436999917030334,0.46799999475479126,0.4304,0.4187,0.53566,0.4955,0.5903,0.4867,0.6683,0.4868,0.76098,0.484,0.7895,0.4703
17,71,False,0.83160001039505,0.46619999408721924,0.42908,0.4192,0.53516,0.4968,0.59116,0.4898,0.67206,0.4902,0.7719,0.4902,0.7937,0.4682
17,72,False,0.8442999720573425,0.4740999937057495,0.42986,0.4169,0.53522,0.493,0.59466,0.4884,0.68102,0.4909,0.786,0.4871,0.81948,0.4681
17,73,False,0.8413599729537964,0.4717000126838684,0.43166,0.4227,0.53702,0.4952,0.59446,0.4918,0.67896,0.4887,0.786,0.4896,0.8214,0.4705
17,74,False,0.8414400219917297,0.4713999927043915,0.43114,0.4189,0.5352,0.4932,0.5941,0.4878,0.68164,0.4913,0.79074,0.4856,0.83094,0.4671
17,75,False,0.8461400270462036,0.4697999954223633,0.43048,0.4198,0.5363,0.4946,0.59586,0.4911,0.68072,0.4927,0.78598,0.491,0.82394,0.4688
17,76,False,0.8543199896812439,0.4645000100135803,0.4292,0.4196,0.53502,0.491,0.5923,0.4861,0.67434,0.4869,0.77948,0.4848,0.81502,0.4632
17,77,False,0.8487399816513062,0.46160000562667847,0.43014,0.4212,0.53572,0.4914,0.59254,0.4874,0.67168,0.4922,0.77118,0.4836,0.79974,0.462
17,78,False,0.8534799814224243,0.46219998598098755,0.43082,0.4172,0.53736,0.492,0.59604,0.4913,0.68132,0.4875,0.78728,0.4807,0.82316,0.461
17,79,False,0.8510000109672546,0.4616999924182892,0.4306,0.419,0.53544,0.4918,0.59484,0.4869,0.6776,0.4879,0.78134,0.4768,0.81658,0.4641
17,80,False,0.8593599796295166,0.4593999981880188,0.4298,0.4191,0.53428,0.4915,0.5977,0.4854,0.67854,0.4912,0.78494,0.4837,0.82538,0.4619
17,81,False,0.8482400178909302,0.46470001339912415,0.43122,0.4209,0.53602,0.4924,0.59088,0.4903,0.67792,0.4877,0.78152,0.4821,0.81704,0.4612
17,82,False,0.8637400269508362,0.46399998664855957,0.43028,0.4199,0.53602,0.4952,0.59394,0.4887,0.68026,0.4901,0.78912,0.4814,0.83164,0.467
17,83,False,0.857420027256012,0.4627000093460083,0.43072,0.4205,0.53558,0.4901,0.59162,0.4852,0.68068,0.4925,0.788,0.483,0.83106,0.4638
17,84,False,0.8636999726295471,0.4684000015258789,0.43004,0.4181,0.53706,0.4922,0.5946,0.4894,0.6825,0.4861,0.7961,0.4809,0.83986,0.4669
17,85,False,0.86080002784729,0.462799996137619,0.42972,0.417,0.53348,0.4917,0.59216,0.4863,0.6744,0.4872,0.7802,0.4779,0.818,0.463
17,86,False,0.860319972038269,0.4657999873161316,0.43082,0.4188,0.536,0.4905,0.59562,0.4849,0.68208,0.4932,0.79232,0.4879,0.83868,0.4678
17,87,False,0.8680400252342224,0.4706000089645386,0.43008,0.419,0.53578,0.4913,0.59674,0.4895,0.68712,0.4904,0.80262,0.4823,0.84284,0.4626
17,88,False,0.8714399933815002,0.45969998836517334,0.42988,0.4185,0.53336,0.4901,0.59112,0.4847,0.66834,0.4882,0.7715,0.4772,0.81224,0.4573
17,89,False,0.8640999794006348,0.4684999883174896,0.43012,0.4196,0.53568,0.4932,0.59544,0.4839,0.68056,0.4916,0.79668,0.4802,0.8405,0.459
17,90,False,0.8714200258255005,0.46720001101493835,0.4301,0.4203,0.53474,0.4889,0.59452,0.4868,0.68118,0.4934,0.79552,0.4862,0.83664,0.4642
17,91,False,0.8687000274658203,0.46619999408721924,0.43046,0.4189,0.53498,0.4889,0.5944,0.4877,0.68116,0.4867,0.79568,0.48,0.83886,0.466
17,92,False,0.8747400045394897,0.4595000147819519,0.42914,0.4195,0.53602,0.4918,0.59464,0.4837,0.68354,0.4837,0.80196,0.478,0.84652,0.4572
17,93,False,0.8708199858665466,0.460999995470047,0.43004,0.4194,0.53516,0.4896,0.59668,0.486,0.68376,0.4847,0.79468,0.4818,0.84194,0.4601
17,94,False,0.8748400211334229,0.462799996137619,0.43072,0.4204,0.53418,0.4898,0.59484,0.4862,0.68274,0.4854,0.79684,0.4831,0.83948,0.4592
17,95,False,0.8744999766349792,0.4677000045776367,0.43006,0.4177,0.53476,0.492,0.5917,0.4895,0.67632,0.489,0.79252,0.4811,0.83686,0.4663
17,96,False,0.877560019493103,0.46239998936653137,0.4295,0.4179,0.53532,0.4907,0.59382,0.485,0.6831,0.4871,0.79632,0.4837,0.84176,0.4613
17,97,False,0.8796200156211853,0.46889999508857727,0.42856,0.4194,0.53554,0.4885,0.59566,0.4866,0.68798,0.4927,0.8127,0.4813,0.85892,0.4664
17,98,False,0.8806800246238708,0.46619999408721924,0.432,0.4218,0.53414,0.494,0.59798,0.4927,0.68738,0.4858,0.80452,0.483,0.8529,0.4652
17,99,False,0.8794800043106079,0.4603999853134155,0.43048,0.4199,0.53454,0.4906,0.59932,0.4835,0.69122,0.4958,0.8142,0.4855,0.86502,0.4619
17,100,False,0.8823000192642212,0.4603999853134155,0.43036,0.4187,0.53522,0.4922,0.5981,0.4865,0.69356,0.4865,0.81478,0.48,0.86244,0.4631
18,0,False,0.11224000155925751,0.11110000312328339,0.39638,0.3828,0.41996,0.3974,0.37302,0.3602,0.3648,0.3507,0.3879,0.3663,0.35072,0.3341
18,1,False,0.29833999276161194,0.3483000099658966,0.37614,0.3856,0.42872,0.4253,0.4041,0.3993,0.4052,0.4033,0.41444,0.4063,0.39534,0.3981
18,2,False,0.3725000023841858,0.3869999945163727,0.39216,0.3962,0.4499,0.4405,0.4276,0.4218,0.42984,0.4263,0.44096,0.4351,0.42692,0.4236
18,3,False,0.40108001232147217,0.4293000102043152,0.40824,0.4054,0.46884,0.4581,0.44992,0.4456,0.45586,0.448,0.46456,0.4535,0.45406,0.4491
18,4,False,0.4264799952507019,0.42820000648498535,0.4162,0.4168,0.47922,0.4669,0.4662,0.4512,0.47176,0.4575,0.48012,0.4647,0.46896,0.4581
18,5,False,0.4474000036716461,0.43810001015663147,0.42124,0.42,0.48578,0.4772,0.47728,0.4636,0.4835,0.4647,0.4913,0.4708,0.4811,0.4647
18,6,False,0.45917999744415283,0.46380001306533813,0.4232,0.4204,0.49354,0.4753,0.48558,0.4696,0.49878,0.4748,0.50802,0.4817,0.49918,0.4773
18,7,False,0.4721199870109558,0.4593000113964081,0.42172,0.4174,0.4994,0.4792,0.49186,0.4705,0.50288,0.4761,0.51468,0.4812,0.50436,0.4823
18,8,False,0.48041999340057373,0.46380001306533813,0.42476,0.42,0.50774,0.4825,0.5048,0.4751,0.51386,0.485,0.52776,0.4899,0.51754,0.482
18,9,False,0.4930799901485443,0.4781999886035919,0.42668,0.4233,0.50542,0.4807,0.50712,0.4793,0.5219,0.484,0.53284,0.4899,0.52458,0.4861
18,10,False,0.5020999908447266,0.45399999618530273,0.42718,0.4241,0.5137,0.4898,0.51722,0.4888,0.52756,0.49,0.5376,0.4977,0.52622,0.4916
18,11,False,0.5133799910545349,0.4860000014305115,0.42964,0.4246,0.51676,0.4858,0.52686,0.4933,0.5447,0.4978,0.5579,0.5092,0.55198,0.5024
18,12,False,0.5197200179100037,0.4884999990463257,0.43016,0.4207,0.51804,0.4913,0.5292,0.4835,0.54988,0.4924,0.56652,0.4997,0.56062,0.4947
18,13,False,0.5298600196838379,0.49790000915527344,0.4304,0.4245,0.51868,0.49,0.5313,0.4882,0.5546,0.4993,0.57048,0.5005,0.56686,0.5005
18,14,False,0.5360400080680847,0.4943999946117401,0.4305,0.4209,0.52012,0.4894,0.5317,0.4878,0.5567,0.4947,0.57552,0.5064,0.57006,0.507
18,15,False,0.5490999817848206,0.4887000024318695,0.4324,0.423,0.52144,0.4915,0.53724,0.4872,0.56464,0.4992,0.58312,0.5053,0.57888,0.5041
18,16,False,0.5542399883270264,0.48190000653266907,0.42938,0.4241,0.52248,0.4927,0.539,0.4956,0.56622,0.498,0.58404,0.5087,0.57656,0.5011
18,17,False,0.5596200227737427,0.5006999969482422,0.43382,0.423,0.52534,0.4914,0.5481,0.4906,0.58096,0.4991,0.60452,0.5044,0.60136,0.5043
18,18,False,0.5696799755096436,0.49079999327659607,0.4303,0.422,0.52726,0.4903,0.5528,0.4868,0.58486,0.4946,0.60636,0.4978,0.60282,0.4937
18,19,False,0.5793399810791016,0.49219998717308044,0.43308,0.4236,0.52758,0.4904,0.55158,0.489,0.59072,0.4948,0.61718,0.502,0.61372,0.4992
18,20,False,0.5874000191688538,0.49160000681877136,0.43106,0.4233,0.52904,0.4902,0.55508,0.4857,0.59526,0.4928,0.62322,0.499,0.61858,0.4958
18,21,False,0.5966600179672241,0.4916999936103821,0.42924,0.4202,0.52962,0.4922,0.5541,0.4878,0.5977,0.4944,0.62942,0.5004,0.62422,0.4972
18,22,False,0.6047800183296204,0.49070000648498535,0.43118,0.4213,0.52958,0.4893,0.56072,0.49,0.60012,0.493,0.63438,0.4986,0.6319,0.4936
18,23,False,0.6129199862480164,0.4900999963283539,0.43262,0.426,0.5315,0.4912,0.55818,0.4801,0.6005,0.4915,0.63482,0.4978,0.6311,0.4909
18,24,False,0.6197800040245056,0.49219998717308044,0.4326,0.4219,0.53118,0.4904,0.56322,0.4902,0.61482,0.4921,0.65114,0.4984,0.65298,0.495
18,25,False,0.6284199953079224,0.48750001192092896,0.43118,0.4235,0.53126,0.4931,0.56602,0.4882,0.61874,0.4932,0.65736,0.4949,0.6586,0.4923
18,26,False,0.6390200257301331,0.4819999933242798,0.43086,0.421,0.53086,0.4903,0.56186,0.4834,0.61678,0.4899,0.66168,0.4926,0.66102,0.4901
18,27,False,0.6469200253486633,0.48649999499320984,0.43006,0.4211,0.53154,0.49,0.56388,0.488,0.6196,0.4995,0.6626,0.4975,0.66348,0.4934
18,28,False,0.6552799940109253,0.4848000109195709,0.43088,0.4228,0.5311,0.4914,0.56986,0.486,0.62858,0.4934,0.6768,0.4917,0.68132,0.4878
18,29,False,0.6696000099182129,0.4869999885559082,0.43136,0.4221,0.53204,0.4915,0.57266,0.4834,0.63638,0.4952,0.68822,0.4945,0.69384,0.4878
18,30,False,0.6722800135612488,0.4819999933242798,0.43106,0.4245,0.5329,0.4936,0.5677,0.4842,0.62106,0.4865,0.67364,0.492,0.6766,0.4834
18,31,False,0.678380012512207,0.4779999852180481,0.43314,0.4233,0.53222,0.4896,0.56666,0.4836,0.625,0.4869,0.67612,0.4875,0.68078,0.4799
18,32,False,0.6867799758911133,0.4830999970436096,0.43038,0.4231,0.53416,0.4902,0.5734,0.4871,0.6367,0.4951,0.69278,0.4932,0.69906,0.4872
18,33,False,0.6960999965667725,0.47839999198913574,0.43118,0.4217,0.53218,0.4907,0.5754,0.486,0.64124,0.4871,0.70336,0.4895,0.7117,0.4836
18,34,False,0.6998599767684937,0.47909998893737793,0.43382,0.4252,0.53198,0.4908,0.56764,0.4857,0.62234,0.4865,0.6774,0.4843,0.6825,0.4789
18,35,False,0.7074000239372253,0.4749000072479248,0.4324,0.4226,0.53116,0.4944,0.57362,0.4848,0.64602,0.4897,0.71156,0.493,0.71932,0.4858
18,36,False,0.7154200077056885,0.48170000314712524,0.43032,0.4202,0.53162,0.4886,0.57214,0.4856,0.64084,0.4885,0.70722,0.4858,0.71698,0.4817
18,37,False,0.7189800143241882,0.4763999879360199,0.42898,0.4228,0.53082,0.4911,0.5722,0.4793,0.6377,0.4876,0.70192,0.4881,0.70608,0.4763
18,38,False,0.7257000207901001,0.4837999939918518,0.43042,0.4218,0.53542,0.4936,0.58054,0.4878,0.65514,0.491,0.73058,0.4868,0.74124,0.4837
18,39,False,0.7338200211524963,0.4722999930381775,0.43076,0.4235,0.53398,0.4921,0.57266,0.4869,0.6497,0.4868,0.71972,0.4844,0.7339,0.477
18,40,False,0.7382799983024597,0.4814999997615814,0.43146,0.4192,0.53412,0.4928,0.5817,0.4839,0.66176,0.4907,0.74236,0.4909,0.76068,0.4842
18,41,False,0.7447999715805054,0.4659999907016754,0.43052,0.4199,0.53334,0.4917,0.57942,0.4865,0.65942,0.4872,0.74126,0.4829,0.75798,0.4713
18,42,False,0.752780020236969,0.46050000190734863,0.43116,0.4227,0.53208,0.4883,0.5753,0.4803,0.64842,0.4839,0.72092,0.4778,0.72828,0.4679
18,43,False,0.7551199793815613,0.4652000069618225,0.42996,0.4215,0.53116,0.4921,0.57576,0.4805,0.65418,0.48,0.73868,0.4831,0.75426,0.4686
18,44,False,0.7606800198554993,0.47200000286102295,0.42916,0.4215,0.5331,0.4901,0.57758,0.4829,0.65728,0.4854,0.7424,0.4764,0.75632,0.4731
18,45,False,0.7645000219345093,0.47360000014305115,0.43016,0.422,0.53258,0.4895,0.57978,0.487,0.66014,0.4848,0.7461,0.484,0.7613,0.476
18,46,False,0.7659000158309937,0.478300005197525,0.43038,0.4211,0.53358,0.4889,0.5783,0.4895,0.66354,0.4884,0.75382,0.4863,0.76864,0.4724
18,47,False,0.7831199765205383,0.46790000796318054,0.43064,0.424,0.5346,0.493,0.57934,0.4836,0.66614,0.4867,0.75562,0.48,0.77466,0.4718
18,48,False,0.7775400280952454,0.4729999899864197,0.42942,0.4189,0.53246,0.4906,0.58074,0.4844,0.6668,0.4901,0.75838,0.4853,0.77872,0.4699
18,49,False,0.787060022354126,0.4609000086784363,0.43142,0.423,0.53242,0.4888,0.57558,0.4806,0.65422,0.484,0.73908,0.4775,0.75736,0.4641
18,50,False,0.7865200042724609,0.45980000495910645,0.42846,0.4214,0.53224,0.4877,0.5719,0.4806,0.65006,0.4788,0.73304,0.4779,0.74176,0.4603
18,51,False,0.7985399961471558,0.4648999869823456,0.43066,0.4222,0.529,0.4937,0.58106,0.4841,0.6606,0.4857,0.75276,0.4817,0.7738,0.4638
18,52,False,0.792900025844574,0.46630001068115234,0.4309,0.42,0.53268,0.491,0.58318,0.4847,0.6692,0.4879,0.7669,0.4812,0.79042,0.463
18,53,False,0.803059995174408,0.45660001039505005,0.43098,0.4211,0.53236,0.4916,0.57652,0.4858,0.66182,0.4832,0.75254,0.4787,0.77104,0.4638
18,54,False,0.8047000169754028,0.46650001406669617,0.43008,0.4209,0.53042,0.4892,0.5754,0.4847,0.65936,0.4818,0.7589,0.4818,0.78464,0.4669
18,55,False,0.8061000108718872,0.4740000069141388,0.42998,0.4213,0.53172,0.4925,0.58098,0.4873,0.66292,0.4928,0.7613,0.4876,0.78474,0.4711
18,56,False,0.8130599856376648,0.4629000127315521,0.42982,0.4229,0.53308,0.4889,0.57676,0.4805,0.6569,0.4851,0.7541,0.4799,0.77286,0.4649
18,57,False,0.8115599751472473,0.47049999237060547,0.43084,0.4209,0.53124,0.4915,0.57998,0.4876,0.67184,0.49,0.77216,0.4798,0.7985,0.4703
18,58,False,0.8185799717903137,0.46140000224113464,0.42942,0.4224,0.53252,0.4914,0.58298,0.4845,0.6738,0.4904,0.78096,0.4812,0.80948,0.4636
18,59,False,0.8220800161361694,0.46059998869895935,0.4296,0.4213,0.53324,0.4878,0.58314,0.484,0.67436,0.4854,0.78088,0.4829,0.81064,0.466
18,60,False,0.8266000151634216,0.46399998664855957,0.42994,0.4224,0.53404,0.4882,0.58118,0.4851,0.6696,0.4835,0.77388,0.4769,0.8038,0.4674
18,61,False,0.8255000114440918,0.45879998803138733,0.43004,0.4225,0.53084,0.4895,0.57902,0.4833,0.65844,0.4807,0.75208,0.4742,0.77612,0.4583
18,62,False,0.827180027961731,0.4578000009059906,0.4302,0.4238,0.53286,0.4887,0.58118,0.4839,0.67458,0.4838,0.7854,0.4747,0.81712,0.4612
18,63,False,0.830839991569519,0.45829999446868896,0.43024,0.4233,0.53198,0.4902,0.58266,0.4833,0.67194,0.484,0.78744,0.4778,0.8171,0.4608
18,64,False,0.83406001329422,0.4490000009536743,0.42954,0.4238,0.53164,0.4908,0.57662,0.4849,0.66364,0.4853,0.7624,0.477,0.78876,0.4594
18,65,False,0.839139997959137,0.4602999985218048,0.42812,0.4197,0.53174,0.4896,0.58172,0.4839,0.66902,0.486,0.77802,0.4779,0.80664,0.4612
18,66,False,0.8321200013160706,0.4544000029563904,0.43116,0.4203,0.5336,0.4883,0.5806,0.4842,0.67644,0.4825,0.78532,0.4738,0.82022,0.4604
18,67,False,0.846340000629425,0.46619999408721924,0.43012,0.4218,0.5328,0.4884,0.58136,0.4858,0.67622,0.4837,0.79042,0.4775,0.82114,0.4601
18,68,False,0.843280017375946,0.45719999074935913,0.42808,0.4195,0.5305,0.4865,0.57484,0.4803,0.65704,0.4856,0.75388,0.475,0.78048,0.4548
18,69,False,0.8467599749565125,0.46380001306533813,0.42862,0.4176,0.53168,0.4876,0.58156,0.4813,0.67114,0.4851,0.78508,0.4751,0.81238,0.4611
18,70,False,0.8461599946022034,0.45809999108314514,0.42836,0.4217,0.53186,0.4901,0.58224,0.4828,0.67296,0.4878,0.7849,0.473,0.81988,0.4561
18,71,False,0.8503599762916565,0.4652000069618225,0.42898,0.4197,0.5331,0.4895,0.58652,0.4849,0.6845,0.4853,0.80784,0.4786,0.8457,0.4599
18,72,False,0.8544999957084656,0.4616999924182892,0.4297,0.4204,0.53426,0.4881,0.5857,0.4825,0.67996,0.4887,0.79366,0.4783,0.8323,0.4612
18,73,False,0.8503000140190125,0.4652999937534332,0.429,0.4219,0.53344,0.4901,0.58436,0.483,0.67938,0.4884,0.80124,0.4753,0.83826,0.4602
18,74,False,0.8562600016593933,0.4569000005722046,0.42994,0.4222,0.53304,0.4899,0.58402,0.4802,0.67472,0.4846,0.79002,0.4707,0.82554,0.456
18,75,False,0.8593800067901611,0.4625000059604645,0.42958,0.4229,0.53472,0.4927,0.58542,0.4813,0.68058,0.4845,0.79842,0.4773,0.83846,0.4549
18,76,False,0.8583400249481201,0.4625999927520752,0.42836,0.4204,0.53288,0.4904,0.58714,0.4814,0.68396,0.4847,0.80534,0.4782,0.84652,0.4584
18,77,False,0.8624200224876404,0.4593999981880188,0.42844,0.4202,0.5287,0.4871,0.57756,0.4766,0.66622,0.4816,0.7709,0.475,0.8028,0.4574
18,78,False,0.85944002866745,0.453900009393692,0.42976,0.423,0.53152,0.4878,0.58156,0.4816,0.66702,0.4812,0.77754,0.4769,0.80874,0.4546
18,79,False,0.8616999983787537,0.45899999141693115,0.43048,0.4223,0.53236,0.4869,0.58482,0.4763,0.67958,0.482,0.79586,0.4712,0.83936,0.4539
18,80,False,0.8747400045394897,0.46389999985694885,0.4291,0.4208,0.53202,0.4874,0.58334,0.4791,0.67916,0.4816,0.79812,0.4732,0.83904,0.4606
18,81,False,0.8551599979400635,0.4578999876976013,0.43038,0.4243,0.5319,0.4894,0.58248,0.4817,0.6765,0.4865,0.79796,0.4702,0.84084,0.4557
18,82,False,0.8715999722480774,0.4584999978542328,0.42852,0.4192,0.53256,0.4907,0.58272,0.4832,0.67932,0.4854,0.80112,0.4721,0.84546,0.4554
18,83,False,0.8685399889945984,0.4602000117301941,0.42784,0.4218,0.53184,0.4894,0.58272,0.4784,0.67834,0.4824,0.80126,0.4733,0.84666,0.4607
18,84,False,0.8721799850463867,0.4551999866962433,0.4292,0.42,0.53074,0.4895,0.58356,0.4824,0.67558,0.4816,0.79796,0.4747,0.83988,0.4559
18,85,False,0.8701199889183044,0.4564000070095062,0.42894,0.4203,0.53126,0.4864,0.57922,0.4781,0.67066,0.4806,0.7835,0.4738,0.82106,0.4576
18,86,False,0.8779199719429016,0.45559999346733093,0.4284,0.4211,0.53208,0.4917,0.57942,0.478,0.67506,0.479,0.79136,0.4761,0.82774,0.4552
18,87,False,0.8741599917411804,0.45649999380111694,0.42886,0.423,0.5327,0.4902,0.5812,0.4774,0.67562,0.4797,0.79344,0.4682,0.83842,0.4535
18,88,False,0.8642799854278564,0.45089998841285706,0.42888,0.4223,0.53272,0.4874,0.58448,0.4829,0.67772,0.4847,0.80508,0.4723,0.85088,0.4519
18,89,False,0.8794199824333191,0.4569999873638153,0.42856,0.4216,0.53064,0.4899,0.58116,0.4807,0.6746,0.4775,0.7961,0.4751,0.83712,0.4547
18,90,False,0.8777199983596802,0.4564000070095062,0.43028,0.4242,0.53314,0.4884,0.58386,0.4789,0.6812,0.4848,0.80536,0.4758,0.84896,0.4524
18,91,False,0.8809599876403809,0.4575999975204468,0.42932,0.4221,0.5327,0.4915,0.58316,0.4821,0.68168,0.4826,0.80708,0.4749,0.85418,0.4575
18,92,False,0.8785600066184998,0.4595000147819519,0.42944,0.4186,0.53348,0.4878,0.58366,0.478,0.68554,0.4799,0.81614,0.4756,0.86504,0.4595
18,93,False,0.8723999857902527,0.4593000113964081,0.4283,0.4207,0.53298,0.4917,0.5856,0.4801,0.68364,0.4821,0.80962,0.4757,0.85722,0.4548
18,94,False,0.8817399740219116,0.4645000100135803,0.42928,0.4207,0.53308,0.4897,0.58554,0.4861,0.6854,0.4833,0.81094,0.4712,0.8552,0.4597
18,95,False,0.885860025882721,0.45089998841285706,0.42966,0.4209,0.53118,0.4899,0.58254,0.482,0.67024,0.4834,0.7869,0.4754,0.82404,0.4494
18,96,False,0.8797000050544739,0.45239999890327454,0.42848,0.4236,0.53304,0.488,0.58556,0.484,0.6881,0.4852,0.81166,0.4734,0.85776,0.4521
18,97,False,0.883400022983551,0.45730000734329224,0.4284,0.4211,0.53014,0.4904,0.58222,0.4806,0.68114,0.4825,0.80628,0.4761,0.85474,0.4542
18,98,False,0.8829600214958191,0.45719999074935913,0.42856,0.4202,0.53262,0.4894,0.5822,0.4809,0.68258,0.4808,0.81634,0.4728,0.86418,0.4546
18,99,False,0.8892999887466431,0.45509999990463257,0.42882,0.4211,0.5326,0.4894,0.58588,0.4807,0.68754,0.4814,0.81858,0.4723,0.86938,0.4567
18,100,False,0.8889999985694885,0.4526999890804291,0.42828,0.4205,0.53046,0.4895,0.57646,0.4799,0.67008,0.4744,0.78888,0.4693,0.82882,0.4501
19,0,False,0.10000000149011612,0.10010000318288803,0.39086,0.3835,0.41876,0.4022,0.37882,0.3725,0.37056,0.3639,0.38808,0.3709,0.35564,0.3474
19,1,False,0.29947999119758606,0.3215000033378601,0.35204,0.3506,0.4137,0.4026,0.38548,0.3836,0.38858,0.385,0.3975,0.3905,0.38258,0.3792
19,2,False,0.36173999309539795,0.3831999897956848,0.37722,0.3776,0.44406,0.4315,0.42,0.4203,0.4227,0.4253,0.4334,0.4272,0.41698,0.4194
19,3,False,0.397599995136261,0.4187000095844269,0.38968,0.3913,0.46164,0.4528,0.4473,0.4424,0.44892,0.4489,0.45696,0.451,0.44594,0.4444
19,4,False,0.4189800024032593,0.4246000051498413,0.39398,0.3926,0.4737,0.4602,0.45916,0.4485,0.46546,0.4555,0.47236,0.4558,0.4633,0.4523
19,5,False,0.4368399977684021,0.4471000134944916,0.39992,0.3967,0.48266,0.4706,0.47012,0.4612,0.47778,0.4677,0.48402,0.4728,0.47538,0.4693
19,6,False,0.4526199996471405,0.4465000033378601,0.39896,0.3971,0.48406,0.4738,0.48074,0.4646,0.4907,0.4735,0.4989,0.4774,0.49068,0.4765
19,7,False,0.4641000032424927,0.45260000228881836,0.40462,0.4003,0.48968,0.4721,0.48426,0.4676,0.49404,0.4738,0.5033,0.477,0.494,0.4767
19,8,False,0.47124001383781433,0.4603999853134155,0.40352,0.3982,0.49404,0.4787,0.49352,0.4725,0.5068,0.4797,0.51466,0.4815,0.5067,0.4742
19,9,False,0.4846799969673157,0.460099995136261,0.40612,0.4048,0.49738,0.4764,0.5011,0.4759,0.5143,0.4829,0.52396,0.487,0.51526,0.4811
19,10,False,0.49195998907089233,0.47290000319480896,0.40614,0.4032,0.5,0.4741,0.50244,0.4747,0.51808,0.4816,0.52782,0.4865,0.52012,0.4852
19,11,False,0.5007399916648865,0.4823000133037567,0.40688,0.4001,0.50156,0.4793,0.5119,0.4842,0.53082,0.4928,0.54134,0.4943,0.5378,0.4923
19,12,False,0.5098400115966797,0.4643000066280365,0.40724,0.3999,0.50462,0.4812,0.5092,0.4782,0.52914,0.4918,0.5394,0.4922,0.53152,0.4895
19,13,False,0.5152400135993958,0.4821999967098236,0.40902,0.4034,0.5052,0.4854,0.51524,0.4845,0.5369,0.4921,0.54702,0.4896,0.54296,0.4911
19,14,False,0.5207399725914001,0.47350001335144043,0.40826,0.4017,0.50538,0.4794,0.5197,0.4828,0.5401,0.4887,0.5569,0.4927,0.55122,0.4912
19,15,False,0.5291200280189514,0.487199991941452,0.40784,0.4015,0.50804,0.4804,0.52422,0.4856,0.55128,0.4861,0.5706,0.4957,0.56556,0.4942
19,16,False,0.5383800268173218,0.48420000076293945,0.40808,0.4018,0.50814,0.4831,0.52864,0.4815,0.55326,0.4895,0.57664,0.4978,0.57322,0.4925
19,17,False,0.5462200045585632,0.4819999933242798,0.40768,0.4036,0.51064,0.4841,0.52916,0.4803,0.55958,0.4904,0.58448,0.4908,0.57712,0.4897
19,18,False,0.5544999837875366,0.4717999994754791,0.40736,0.4007,0.51058,0.481,0.52692,0.4772,0.55624,0.4823,0.57924,0.4899,0.57254,0.4842
19,19,False,0.5642399787902832,0.4733999967575073,0.40862,0.4041,0.51166,0.4826,0.53398,0.4868,0.56714,0.4877,0.59184,0.4917,0.5891,0.4907
19,20,False,0.5700399875640869,0.47189998626708984,0.40816,0.4052,0.51088,0.4841,0.53306,0.479,0.56536,0.4883,0.58884,0.488,0.58604,0.4859
19,21,False,0.5792400240898132,0.48249998688697815,0.40722,0.4023,0.51302,0.4849,0.5378,0.4817,0.57582,0.4856,0.60662,0.4906,0.6084,0.4912
19,22,False,0.5896999835968018,0.47360000014305115,0.40748,0.401,0.51082,0.482,0.53468,0.4779,0.57456,0.4839,0.60822,0.4897,0.60582,0.4849
19,23,False,0.5935999751091003,0.4749000072479248,0.40764,0.4012,0.51336,0.4848,0.53902,0.4847,0.58078,0.4837,0.61614,0.4895,0.6133,0.4838
19,24,False,0.6015999913215637,0.4794999957084656,0.40786,0.4024,0.5118,0.4828,0.54174,0.4842,0.58532,0.4897,0.62404,0.4926,0.62542,0.4859
19,25,False,0.6103600263595581,0.47130000591278076,0.40592,0.3996,0.5112,0.4794,0.53928,0.4803,0.58712,0.4827,0.62734,0.4864,0.62508,0.4779
19,26,False,0.6198800206184387,0.48590001463890076,0.40718,0.3998,0.51296,0.4833,0.54466,0.486,0.59858,0.4846,0.6431,0.4906,0.64858,0.4849
19,27,False,0.6289200186729431,0.4729999899864197,0.40862,0.4023,0.51416,0.4843,0.54456,0.4791,0.59704,0.4846,0.64354,0.488,0.64272,0.4802
19,28,False,0.6363000273704529,0.4733000099658966,0.40792,0.4023,0.51312,0.4825,0.54,0.4786,0.59528,0.4825,0.64514,0.4852,0.64642,0.4803
19,29,False,0.643339991569519,0.4722999930381775,0.40844,0.4039,0.51256,0.4852,0.54446,0.4777,0.59662,0.48,0.64708,0.4828,0.65246,0.4776
19,30,False,0.6481800079345703,0.4731999933719635,0.40846,0.4027,0.51342,0.4851,0.54658,0.4814,0.6014,0.4807,0.65414,0.4851,0.6586,0.4777
19,31,False,0.6586599946022034,0.4788999855518341,0.4081,0.402,0.51408,0.4807,0.5515,0.4787,0.61334,0.4829,0.66838,0.4877,0.67984,0.4856
19,32,False,0.668720006942749,0.47099998593330383,0.40666,0.4019,0.51256,0.4828,0.54332,0.4721,0.60202,0.4771,0.66232,0.4786,0.667,0.4716
19,33,False,0.669920027256012,0.4722999930381775,0.40748,0.3996,0.5124,0.4816,0.54832,0.4779,0.60806,0.4801,0.66736,0.4792,0.67416,0.473
19,34,False,0.6808800101280212,0.46869999170303345,0.40656,0.4022,0.51262,0.4838,0.54866,0.4771,0.61656,0.4811,0.68846,0.4801,0.69844,0.4675
19,35,False,0.6906800270080566,0.45809999108314514,0.4056,0.4011,0.51318,0.4821,0.55032,0.4759,0.61102,0.4795,0.67816,0.4766,0.68668,0.4668
19,36,False,0.6927400231361389,0.4553000032901764,0.40766,0.4027,0.5137,0.4814,0.5478,0.4752,0.60954,0.4749,0.67762,0.4726,0.6888,0.4646
19,37,False,0.697700023651123,0.46149998903274536,0.40576,0.3997,0.51338,0.4819,0.54824,0.4743,0.61492,0.4786,0.68632,0.4711,0.7,0.4662
19,38,False,0.7102400064468384,0.4587000012397766,0.40744,0.4031,0.51222,0.4819,0.54808,0.4768,0.6116,0.4746,0.68796,0.4761,0.69824,0.465
19,39,False,0.7149400115013123,0.4668000042438507,0.40814,0.4017,0.51324,0.4815,0.54816,0.4762,0.61466,0.4808,0.69032,0.4773,0.70162,0.4725
19,40,False,0.7190200090408325,0.4607999920845032,0.40838,0.4013,0.51314,0.4796,0.54678,0.4775,0.61284,0.4782,0.68826,0.4761,0.70128,0.4655
19,41,False,0.7235000133514404,0.4659999907016754,0.40662,0.4021,0.5112,0.4797,0.5498,0.4754,0.61944,0.48,0.69892,0.476,0.71308,0.4683
19,42,False,0.7337599992752075,0.45750001072883606,0.40774,0.401,0.51094,0.4835,0.54866,0.4779,0.61488,0.4761,0.68996,0.4756,0.70746,0.4625
19,43,False,0.733299970626831,0.45489999651908875,0.40674,0.4004,0.51084,0.4774,0.55136,0.4755,0.62132,0.473,0.71072,0.4714,0.7311,0.4617
19,44,False,0.7453799843788147,0.45239999890327454,0.40648,0.4001,0.51184,0.4785,0.55078,0.4761,0.62502,0.4781,0.719,0.4702,0.73672,0.4581
19,45,False,0.7407600283622742,0.45509999990463257,0.40838,0.4018,0.512,0.4803,0.54896,0.4702,0.61794,0.4772,0.6995,0.4661,0.71794,0.456
19,46,False,0.7537999749183655,0.45719999074935913,0.4057,0.3994,0.51302,0.4835,0.55214,0.4769,0.62526,0.475,0.71186,0.47,0.73358,0.4591
19,47,False,0.7515599727630615,0.4544000029563904,0.4056,0.3995,0.51132,0.4792,0.55104,0.4757,0.62288,0.4744,0.7173,0.4704,0.7413,0.4542
19,48,False,0.7643600106239319,0.46470001339912415,0.40698,0.4002,0.51244,0.479,0.5485,0.4748,0.61978,0.4828,0.71076,0.4769,0.7389,0.464
19,49,False,0.763159990310669,0.45570001006126404,0.40674,0.4004,0.51136,0.4797,0.55234,0.4768,0.62592,0.473,0.71894,0.4686,0.74136,0.4594
19,50,False,0.7700600028038025,0.45249998569488525,0.4075,0.4011,0.5109,0.4789,0.54814,0.4714,0.61866,0.4753,0.70778,0.4726,0.73442,0.4566
19,51,False,0.7756199836730957,0.4458000063896179,0.40794,0.4022,0.51276,0.4812,0.5459,0.4692,0.61542,0.4723,0.70236,0.4703,0.71582,0.4518
19,52,False,0.7801399827003479,0.4535999894142151,0.4066,0.401,0.51196,0.4769,0.55192,0.4714,0.62918,0.4771,0.72696,0.4699,0.75788,0.4538
19,53,False,0.7788400053977966,0.451200008392334,0.40792,0.4017,0.51102,0.479,0.55084,0.477,0.62516,0.4732,0.721,0.4671,0.7492,0.4521
19,54,False,0.7872999906539917,0.45570001006126404,0.40586,0.4003,0.50992,0.4796,0.55062,0.4779,0.62564,0.4708,0.72384,0.4702,0.75134,0.4545
19,55,False,0.7871000170707703,0.45100000500679016,0.4076,0.4008,0.51204,0.4801,0.5511,0.4753,0.62708,0.4722,0.7299,0.4681,0.75806,0.4609
19,56,False,0.7931200265884399,0.4462999999523163,0.4061,0.3995,0.5118,0.4769,0.5464,0.4729,0.61606,0.4745,0.70586,0.4668,0.72358,0.4507
19,57,False,0.8001800179481506,0.45170000195503235,0.40668,0.4,0.5118,0.4787,0.5528,0.4749,0.62824,0.4736,0.73754,0.4664,0.76724,0.4542
19,58,False,0.7926999926567078,0.4505999982357025,0.40704,0.4016,0.51074,0.4784,0.55114,0.4797,0.62514,0.4817,0.72656,0.4673,0.758,0.4566
19,59,False,0.8098599910736084,0.44909998774528503,0.40666,0.401,0.51274,0.4772,0.55118,0.4767,0.62942,0.4742,0.73512,0.4684,0.76904,0.4445
19,60,False,0.803659975528717,0.44110000133514404,0.40682,0.4005,0.51158,0.478,0.5502,0.4777,0.61924,0.4724,0.71696,0.4627,0.74104,0.4414
19,61,False,0.8141400218009949,0.45010000467300415,0.40696,0.4011,0.512,0.4784,0.55434,0.4719,0.63162,0.4771,0.74414,0.4647,0.7811,0.4527
19,62,False,0.8117600083351135,0.45170000195503235,0.40774,0.4015,0.51252,0.4818,0.55062,0.4731,0.63076,0.4776,0.74224,0.4677,0.7802,0.4481
19,63,False,0.8191400170326233,0.4456000030040741,0.40574,0.4001,0.51264,0.4784,0.54976,0.4731,0.61976,0.4738,0.71578,0.4684,0.74372,0.451
19,64,False,0.8186399936676025,0.44690001010894775,0.40614,0.4003,0.51058,0.477,0.55192,0.4731,0.6286,0.4765,0.73296,0.4687,0.77214,0.4459
19,65,False,0.8214399814605713,0.45100000500679016,0.40604,0.3999,0.5107,0.4784,0.55316,0.4742,0.6332,0.4713,0.7445,0.4653,0.7831,0.4539
19,66,False,0.8239200115203857,0.44769999384880066,0.40672,0.401,0.51138,0.4795,0.55086,0.4758,0.62358,0.476,0.73126,0.4679,0.75794,0.4523
19,67,False,0.8235999941825867,0.4510999917984009,0.40688,0.4003,0.51096,0.4824,0.55392,0.4758,0.63622,0.4819,0.75544,0.4654,0.79552,0.4501
19,68,False,0.8312000036239624,0.4487999975681305,0.40614,0.399,0.51072,0.4797,0.5519,0.4715,0.63266,0.4706,0.74826,0.465,0.78612,0.4461
19,69,False,0.8295000195503235,0.44110000133514404,0.40638,0.3998,0.51262,0.4783,0.54968,0.4747,0.62782,0.4769,0.73496,0.4638,0.7693,0.4442
19,70,False,0.8319799900054932,0.4453999996185303,0.40676,0.402,0.51304,0.4784,0.55292,0.4709,0.63218,0.4726,0.74758,0.4641,0.79016,0.4462
19,71,False,0.8323000073432922,0.4392000138759613,0.40628,0.4012,0.51174,0.4803,0.55018,0.4688,0.63328,0.4711,0.74754,0.4641,0.78922,0.4404
19,72,False,0.8345000147819519,0.4447999894618988,0.40536,0.3996,0.50984,0.4783,0.55002,0.4708,0.62896,0.4711,0.7365,0.466,0.77316,0.4391
19,73,False,0.8387799859046936,0.4490000009536743,0.40592,0.4013,0.5119,0.4783,0.55428,0.4741,0.63608,0.4725,0.75454,0.4673,0.80046,0.449
19,74,False,0.8415200114250183,0.4399000108242035,0.40554,0.3995,0.5108,0.481,0.55316,0.4702,0.62792,0.4744,0.7406,0.466,0.77732,0.449
19,75,False,0.8412600159645081,0.4453999996185303,0.40548,0.3996,0.50984,0.4799,0.55324,0.4743,0.6371,0.4715,0.7606,0.4633,0.80442,0.4447
19,76,False,0.845740020275116,0.45100000500679016,0.40762,0.4019,0.5114,0.4802,0.55114,0.4759,0.63202,0.4761,0.75294,0.463,0.80262,0.4542
19,77,False,0.8483200073242188,0.44110000133514404,0.40674,0.3998,0.5092,0.4775,0.55066,0.4718,0.6317,0.4722,0.75134,0.4637,0.80116,0.4496
19,78,False,0.8432999849319458,0.43619999289512634,0.40574,0.3991,0.51058,0.4804,0.5448,0.4719,0.61728,0.4693,0.7262,0.4646,0.7585,0.4441
19,79,False,0.854640007019043,0.4440999925136566,0.40654,0.3991,0.51074,0.4753,0.55038,0.473,0.6334,0.4764,0.75512,0.4625,0.80032,0.4434
19,80,False,0.853879988193512,0.44369998574256897,0.40654,0.3981,0.51122,0.4757,0.55278,0.4707,0.63696,0.4769,0.76012,0.4651,0.81056,0.4442
19,81,False,0.8471199870109558,0.4422000050544739,0.40666,0.3997,0.512,0.4787,0.55326,0.4725,0.63948,0.4726,0.76714,0.4634,0.81738,0.4437
19,82,False,0.856660008430481,0.4490000009536743,0.40656,0.4,0.51228,0.4764,0.55358,0.4722,0.64026,0.4767,0.76908,0.4665,0.82156,0.4454
19,83,False,0.8592399954795837,0.44620001316070557,0.40732,0.4009,0.5125,0.4774,0.55266,0.4725,0.63706,0.4716,0.76822,0.46,0.822,0.4477
19,84,False,0.8572400212287903,0.4510999917984009,0.40626,0.4002,0.51134,0.4785,0.55296,0.4745,0.64038,0.4731,0.76732,0.4663,0.82506,0.4457
19,85,False,0.8572999835014343,0.4406000077724457,0.40804,0.4022,0.51224,0.4781,0.54882,0.4688,0.63052,0.4718,0.7513,0.4579,0.79716,0.4402
19,86,False,0.8643800020217896,0.4449999928474426,0.40646,0.4008,0.51066,0.4795,0.5537,0.4708,0.64254,0.4728,0.77734,0.46,0.83574,0.448
19,87,False,0.8513200283050537,0.4429999887943268,0.40632,0.401,0.51112,0.4769,0.55294,0.472,0.63632,0.4737,0.76648,0.4609,0.81592,0.4458
19,88,False,0.8651000261306763,0.4498000144958496,0.40804,0.4015,0.51212,0.4789,0.55352,0.4704,0.63562,0.473,0.76934,0.4637,0.82676,0.4443
19,89,False,0.866320013999939,0.44609999656677246,0.40584,0.4011,0.51234,0.4792,0.55548,0.4729,0.64038,0.4706,0.77558,0.4635,0.83456,0.4443
19,90,False,0.862559974193573,0.446399986743927,0.4055,0.3996,0.51046,0.4784,0.55594,0.4722,0.64318,0.4737,0.77428,0.4635,0.83328,0.4425
19,91,False,0.8648399710655212,0.4472000002861023,0.40704,0.401,0.51196,0.476,0.5529,0.4693,0.63404,0.4701,0.7654,0.4631,0.8148,0.4396
19,92,False,0.8690999746322632,0.44290000200271606,0.4069,0.4011,0.5121,0.4772,0.55232,0.4699,0.63616,0.4686,0.76492,0.4611,0.82122,0.4429
19,93,False,0.8711400032043457,0.4390999972820282,0.4067,0.401,0.51162,0.4785,0.5534,0.4736,0.63886,0.4692,0.76954,0.4642,0.8242,0.4412
19,94,False,0.8665800094604492,0.4456999897956848,0.4078,0.4017,0.51204,0.475,0.55246,0.4718,0.64042,0.4753,0.77616,0.4605,0.83716,0.4421
19,95,False,0.8728799819946289,0.44190001487731934,0.40692,0.4,0.51046,0.4765,0.55274,0.4715,0.64002,0.475,0.7698,0.4637,0.83188,0.4421
19,96,False,0.8748400211334229,0.44130000472068787,0.40828,0.4015,0.51262,0.4795,0.55198,0.4683,0.63716,0.4715,0.76238,0.4623,0.81866,0.4399
19,97,False,0.8746799826622009,0.4408999979496002,0.4068,0.4011,0.51142,0.4785,0.55176,0.4676,0.6393,0.4692,0.7741,0.4633,0.83358,0.4412
19,98,False,0.8744400143623352,0.43880000710487366,0.40604,0.4005,0.5118,0.4784,0.55004,0.4724,0.63636,0.4725,0.7659,0.4613,0.8253,0.4399
19,99,False,0.8783199787139893,0.438400000333786,0.40626,0.3997,0.51118,0.4781,0.55082,0.4715,0.6343,0.4702,0.75904,0.4605,0.80864,0.4403
19,100,False,0.8718400001525879,0.44839999079704285,0.40648,0.3987,0.51064,0.4793,0.54818,0.474,0.62894,0.4719,0.75228,0.4657,0.8062,0.4426
20,0,False,0.11324000358581543,0.1103999987244606,0.40182,0.3892,0.42136,0.4018,0.38138,0.3687,0.37088,0.3583,0.39124,0.3683,0.35574,0.3431
20,1,False,0.29506000876426697,0.35339999198913574,0.37644,0.3778,0.4288,0.4205,0.39716,0.3988,0.39916,0.3973,0.40804,0.4049,0.39144,0.3908
20,2,False,0.3686800003051758,0.35899999737739563,0.38798,0.3903,0.4458,0.4413,0.42758,0.4262,0.4294,0.4261,0.43664,0.4326,0.42122,0.419
20,3,False,0.4027799963951111,0.4214000105857849,0.40378,0.4011,0.46412,0.4563,0.44462,0.4383,0.45218,0.4497,0.46102,0.4523,0.44888,0.4513
20,4,False,0.42739999294281006,0.4352000057697296,0.41142,0.4067,0.47782,0.4671,0.46434,0.455,0.47292,0.4627,0.4799,0.4645,0.46978,0.4602
20,5,False,0.44078001379966736,0.4259999990463257,0.41092,0.4065,0.4863,0.4706,0.47534,0.4618,0.48202,0.4673,0.48844,0.471,0.47538,0.4654
20,6,False,0.457040011882782,0.4611000120639801,0.42144,0.4114,0.49472,0.4812,0.4845,0.4723,0.49644,0.4853,0.50404,0.4846,0.49482,0.4839
20,7,False,0.47115999460220337,0.45899999141693115,0.41954,0.4124,0.50164,0.4802,0.49404,0.476,0.50816,0.4846,0.51476,0.4885,0.50534,0.4861
20,8,False,0.48019999265670776,0.48339998722076416,0.42248,0.4161,0.50754,0.4843,0.50644,0.4849,0.52122,0.4928,0.53028,0.4982,0.52352,0.4998
20,9,False,0.4928799867630005,0.4699000120162964,0.42494,0.4184,0.5098,0.4829,0.50954,0.4822,0.52542,0.4887,0.53396,0.498,0.52704,0.4918
20,10,False,0.5004000067710876,0.4848000109195709,0.42284,0.4176,0.51272,0.4883,0.5157,0.4862,0.5305,0.497,0.543,0.5003,0.53762,0.4983
20,11,False,0.5093799829483032,0.48350000381469727,0.4278,0.421,0.51478,0.4874,0.52384,0.4939,0.54322,0.5036,0.55078,0.5027,0.54424,0.5004
20,12,False,0.5192199945449829,0.4934999942779541,0.42616,0.4216,0.51892,0.4901,0.52806,0.4944,0.54886,0.5025,0.56034,0.5048,0.55454,0.5009
20,13,False,0.5276399850845337,0.478300005197525,0.42842,0.4217,0.51868,0.4889,0.52348,0.4878,0.54416,0.4933,0.55776,0.5005,0.54894,0.4969
20,14,False,0.5355600118637085,0.4925000071525574,0.42742,0.4198,0.52124,0.4925,0.53106,0.4915,0.5583,0.5004,0.57124,0.5011,0.56686,0.4992
20,15,False,0.5438799858093262,0.4950000047683716,0.42912,0.4183,0.52144,0.4904,0.5392,0.4926,0.56896,0.4999,0.5846,0.5031,0.5804,0.5058
20,16,False,0.5536999702453613,0.4934999942779541,0.42772,0.4158,0.5232,0.4932,0.54046,0.4935,0.57302,0.5044,0.59208,0.5054,0.58518,0.5033
20,17,False,0.5589600205421448,0.48510000109672546,0.42758,0.4199,0.52424,0.4922,0.54124,0.4949,0.56944,0.501,0.58754,0.4949,0.58126,0.4948
20,18,False,0.5667999982833862,0.49470001459121704,0.42878,0.4187,0.5241,0.4932,0.54536,0.4945,0.57884,0.5044,0.5968,0.5083,0.591,0.5043
20,19,False,0.5698999762535095,0.4918999969959259,0.42726,0.4199,0.52534,0.4963,0.54552,0.4937,0.58238,0.5001,0.60202,0.5016,0.599,0.5006
20,20,False,0.581059992313385,0.49720001220703125,0.42798,0.4185,0.52632,0.4938,0.55188,0.4935,0.59396,0.5043,0.6199,0.4997,0.6166,0.503
20,21,False,0.5916200280189514,0.4812000095844269,0.42756,0.4221,0.52582,0.4908,0.552,0.4914,0.5869,0.4966,0.6132,0.4992,0.6097,0.4935
20,22,False,0.5996999740600586,0.4916999936103821,0.4271,0.4176,0.52756,0.4926,0.55342,0.4905,0.59312,0.4982,0.6194,0.5037,0.61576,0.4987
20,23,False,0.6063799858093262,0.4918000102043152,0.4271,0.4194,0.52814,0.4921,0.55802,0.4929,0.60416,0.5089,0.63676,0.5035,0.63694,0.4988
20,24,False,0.6166999936103821,0.4880000054836273,0.42796,0.4194,0.52978,0.4956,0.55852,0.4964,0.6051,0.5002,0.63852,0.4997,0.6375,0.4988
20,25,False,0.6251000165939331,0.4803999960422516,0.42684,0.4195,0.52856,0.4967,0.5597,0.4936,0.60888,0.499,0.64346,0.4963,0.64558,0.494
20,26,False,0.6306999921798706,0.4934999942779541,0.4282,0.4217,0.53146,0.4987,0.56604,0.4947,0.6211,0.5003,0.6599,0.4973,0.6639,0.4997
20,27,False,0.6404600143432617,0.48249998688697815,0.42524,0.4168,0.5268,0.494,0.56208,0.4924,0.61054,0.4951,0.65178,0.4935,0.64942,0.4908
20,28,False,0.6442199945449829,0.49050000309944153,0.4254,0.4197,0.52956,0.4939,0.56368,0.4938,0.6188,0.4991,0.66522,0.5007,0.66646,0.4959
20,29,False,0.6591600179672241,0.4781999886035919,0.42766,0.4196,0.52814,0.4914,0.56222,0.4917,0.61928,0.4959,0.66292,0.4951,0.6659,0.4902
20,30,False,0.6609200239181519,0.492000013589859,0.42806,0.4192,0.5301,0.4928,0.56294,0.4907,0.62648,0.4982,0.67384,0.5001,0.6823,0.4935
20,31,False,0.6726400256156921,0.4837000072002411,0.4271,0.4203,0.52938,0.4945,0.56748,0.4976,0.6311,0.4992,0.68576,0.495,0.69076,0.4965
20,32,False,0.6811800003051758,0.47929999232292175,0.42824,0.4201,0.5295,0.4931,0.5647,0.4911,0.62882,0.496,0.68596,0.4892,0.69166,0.4843
20,33,False,0.6815999746322632,0.474700003862381,0.42772,0.4195,0.53118,0.4937,0.5668,0.4923,0.63184,0.4911,0.68984,0.4848,0.69684,0.4811
20,34,False,0.6917200088500977,0.47850000858306885,0.42608,0.4178,0.52824,0.4905,0.56502,0.4917,0.63088,0.4931,0.68934,0.491,0.69378,0.4789
20,35,False,0.6942999958992004,0.46459999680519104,0.42562,0.4192,0.52802,0.4905,0.56228,0.4913,0.62364,0.4934,0.67256,0.4869,0.6803,0.482
20,36,False,0.7041400074958801,0.475600004196167,0.4258,0.4217,0.52982,0.4923,0.57332,0.4985,0.64582,0.4986,0.71124,0.4944,0.72586,0.4878
20,37,False,0.7117999792098999,0.4799000024795532,0.4267,0.42,0.52994,0.4902,0.56908,0.4887,0.64214,0.4982,0.711,0.4944,0.72322,0.4848
20,38,False,0.7198799848556519,0.4794999957084656,0.4256,0.4179,0.52752,0.4911,0.56896,0.4917,0.6411,0.4934,0.70774,0.4837,0.72062,0.4818
20,39,False,0.7277399897575378,0.47119998931884766,0.4258,0.4187,0.52744,0.4907,0.57026,0.4898,0.63952,0.4923,0.71252,0.4872,0.72616,0.4754
20,40,False,0.7261000275611877,0.4729999899864197,0.42628,0.4205,0.52876,0.4902,0.57044,0.4868,0.6461,0.4931,0.71632,0.4846,0.73118,0.4772
20,41,False,0.7315800189971924,0.4731000065803528,0.42528,0.42,0.52822,0.4908,0.57198,0.4894,0.6436,0.4918,0.71874,0.4836,0.73418,0.4751
20,42,False,0.7375199794769287,0.4729999899864197,0.42482,0.4186,0.52738,0.4895,0.56958,0.4889,0.64762,0.4982,0.71698,0.4881,0.7337,0.4806
20,43,False,0.7497000098228455,0.4697999954223633,0.42552,0.42,0.52802,0.4908,0.57078,0.4924,0.65362,0.4943,0.73394,0.4861,0.75156,0.4773
20,44,False,0.7526599764823914,0.46790000796318054,0.42482,0.4168,0.52692,0.4918,0.56838,0.4866,0.64414,0.4955,0.71688,0.4825,0.73066,0.4741
20,45,False,0.7577199935913086,0.4657000005245209,0.42626,0.4191,0.52688,0.4907,0.56698,0.4876,0.63874,0.4942,0.70826,0.4826,0.72268,0.4758
20,46,False,0.7618399858474731,0.4749000072479248,0.42548,0.4189,0.5275,0.4902,0.57358,0.4879,0.65154,0.493,0.73782,0.4884,0.76018,0.4802
20,47,False,0.7605999708175659,0.45969998836517334,0.42622,0.4191,0.52704,0.4895,0.56522,0.4861,0.63666,0.4827,0.70564,0.4804,0.72168,0.4716
20,48,False,0.7695800065994263,0.4706999957561493,0.4261,0.4163,0.52624,0.4922,0.57042,0.4863,0.65108,0.4913,0.72932,0.4862,0.7509,0.4744
20,49,False,0.7764999866485596,0.47110000252723694,0.42428,0.4181,0.5275,0.4909,0.56786,0.4902,0.6537,0.4912,0.73636,0.4846,0.75742,0.4762
20,50,False,0.7760400176048279,0.4713999927043915,0.42534,0.4178,0.5278,0.4915,0.57004,0.492,0.6563,0.4966,0.74218,0.4824,0.7648,0.4717
20,51,False,0.7759400010108948,0.4738999903202057,0.42602,0.4177,0.52776,0.4906,0.5702,0.4923,0.6566,0.4932,0.7425,0.486,0.76496,0.4779
20,52,False,0.7896400094032288,0.47110000252723694,0.42494,0.4175,0.52726,0.4914,0.57466,0.4872,0.65974,0.4963,0.7539,0.4853,0.78058,0.4727
20,53,False,0.7855600118637085,0.46810001134872437,0.42478,0.4198,0.5273,0.4906,0.57068,0.4868,0.65552,0.4896,0.74444,0.4882,0.77064,0.47
20,54,False,0.7899199724197388,0.4690999984741211,0.42574,0.4199,0.52712,0.4909,0.57372,0.4932,0.65876,0.4926,0.7558,0.4831,0.78912,0.4685
20,55,False,0.7963600158691406,0.4652999937534332,0.42538,0.4209,0.5279,0.4925,0.57178,0.4893,0.6584,0.4935,0.75334,0.4819,0.78504,0.4671
20,56,False,0.8001199960708618,0.46639999747276306,0.4263,0.419,0.52652,0.4905,0.57194,0.4919,0.6555,0.4915,0.74658,0.4775,0.77808,0.4655
20,57,False,0.8000400066375732,0.46459999680519104,0.4241,0.4195,0.52686,0.4921,0.57444,0.4858,0.66062,0.4884,0.76142,0.4769,0.79648,0.4625
20,58,False,0.8058000206947327,0.46959999203681946,0.42522,0.4171,0.52736,0.4901,0.5692,0.4843,0.64726,0.4924,0.7369,0.4779,0.76594,0.4711
20,59,False,0.8116599917411804,0.4708999991416931,0.4242,0.4187,0.52782,0.4914,0.5742,0.4908,0.6652,0.4961,0.76962,0.4788,0.80822,0.4753
20,60,False,0.8088200092315674,0.46799999475479126,0.42508,0.4181,0.52744,0.4912,0.57728,0.4873,0.66692,0.4923,0.77316,0.4832,0.8076,0.4682
20,61,False,0.8174800276756287,0.4643999934196472,0.42392,0.4154,0.52748,0.4915,0.57258,0.487,0.65512,0.4886,0.7577,0.4754,0.79046,0.4658
20,62,False,0.8152199983596802,0.4629000127315521,0.42316,0.4165,0.52784,0.4934,0.57374,0.4895,0.6629,0.4971,0.76556,0.4783,0.80184,0.4641
20,63,False,0.8236600160598755,0.46959999203681946,0.42538,0.4177,0.5246,0.4875,0.57332,0.4909,0.6622,0.493,0.76808,0.4802,0.80894,0.4705
20,64,False,0.8248199820518494,0.4544000029563904,0.42492,0.4187,0.52676,0.4901,0.57016,0.4879,0.65506,0.4907,0.75022,0.4762,0.78352,0.4586
20,65,False,0.8245999813079834,0.46209999918937683,0.4247,0.4186,0.52486,0.4876,0.5719,0.488,0.65852,0.4949,0.7601,0.4808,0.79494,0.4581
20,66,False,0.8285800218582153,0.4697999954223633,0.42514,0.4181,0.52758,0.489,0.5724,0.487,0.66334,0.4949,0.76984,0.4851,0.80646,0.4729
20,67,False,0.8359599709510803,0.46070000529289246,0.42404,0.4192,0.52612,0.488,0.57342,0.487,0.65552,0.4901,0.75918,0.476,0.79116,0.4618
20,68,False,0.8313599824905396,0.45899999141693115,0.42512,0.418,0.52658,0.489,0.56946,0.4859,0.65648,0.4908,0.75748,0.4776,0.79214,0.4554
20,69,False,0.839739978313446,0.45879998803138733,0.42568,0.4184,0.52676,0.4895,0.57352,0.4893,0.65874,0.4933,0.76274,0.4749,0.80348,0.4628
20,70,False,0.8378000259399414,0.4602999985218048,0.42246,0.4184,0.52436,0.4886,0.57186,0.4848,0.66378,0.4965,0.7716,0.4777,0.81278,0.4625
20,71,False,0.833899974822998,0.4675000011920929,0.42402,0.4182,0.5272,0.489,0.5759,0.4924,0.66612,0.4932,0.77186,0.4791,0.8142,0.4636
20,72,False,0.8437399864196777,0.4684000015258789,0.42466,0.4187,0.52634,0.4906,0.57238,0.4899,0.6599,0.4925,0.7669,0.4801,0.80808,0.4626
20,73,False,0.8469200134277344,0.4690000116825104,0.42516,0.419,0.52554,0.4865,0.57314,0.4849,0.66648,0.4875,0.7802,0.4792,0.82174,0.4674
20,74,False,0.8414599895477295,0.4625999927520752,0.42382,0.4186,0.5275,0.4887,0.57312,0.4876,0.66632,0.4888,0.77714,0.4791,0.8215,0.4595
20,75,False,0.850600004196167,0.47110000252723694,0.42334,0.4167,0.52704,0.4883,0.57564,0.4907,0.67206,0.487,0.78834,0.4825,0.83806,0.4648
20,76,False,0.8547000288963318,0.4706000089645386,0.42234,0.4144,0.52592,0.4925,0.57288,0.4904,0.66222,0.4907,0.76864,0.4858,0.8091,0.4667
20,77,False,0.8442999720573425,0.4578999876976013,0.42548,0.4181,0.52632,0.4907,0.57354,0.4856,0.66638,0.4915,0.77554,0.4811,0.82366,0.4621
20,78,False,0.852620005607605,0.454800009727478,0.42344,0.4171,0.52746,0.4895,0.5739,0.4854,0.66816,0.4918,0.78066,0.4813,0.8263,0.4612
20,79,False,0.8535599708557129,0.46209999918937683,0.42344,0.4168,0.52652,0.4899,0.57452,0.489,0.6688,0.4881,0.78716,0.4783,0.8368,0.4605
20,80,False,0.8568000197410583,0.46560001373291016,0.422,0.418,0.52678,0.489,0.57168,0.4881,0.66244,0.4929,0.76962,0.4736,0.81272,0.4648
20,81,False,0.8541799783706665,0.46880000829696655,0.424,0.419,0.52742,0.4889,0.5788,0.4855,0.67598,0.4898,0.80326,0.4808,0.85606,0.4655
20,82,False,0.8595200181007385,0.45980000495910645,0.42226,0.4163,0.52638,0.4875,0.57146,0.4857,0.6628,0.4907,0.7778,0.4759,0.82034,0.4584
20,83,False,0.8650599718093872,0.4616999924182892,0.42486,0.4169,0.52812,0.4901,0.57458,0.4889,0.66796,0.4899,0.78136,0.4769,0.83222,0.4638
20,84,False,0.857699990272522,0.46000000834465027,0.42382,0.4153,0.52788,0.4861,0.5744,0.4878,0.66926,0.4878,0.78778,0.4778,0.83082,0.4577
20,85,False,0.8679599761962891,0.45890000462532043,0.4234,0.4162,0.5275,0.488,0.57482,0.4884,0.67128,0.4923,0.79464,0.4831,0.8462,0.4662
20,86,False,0.8629599809646606,0.4674000144004822,0.4243,0.417,0.52518,0.4873,0.57054,0.4864,0.65494,0.4923,0.76444,0.4789,0.80838,0.4671
20,87,False,0.8632799983024597,0.46889999508857727,0.42374,0.4171,0.52646,0.4882,0.57184,0.4838,0.66416,0.4907,0.78394,0.4811,0.83368,0.4654
20,88,False,0.8681600093841553,0.4666999876499176,0.42368,0.4172,0.52716,0.4883,0.57288,0.4909,0.66842,0.4923,0.7881,0.4858,0.84308,0.471
20,89,False,0.8621199727058411,0.45579999685287476,0.42392,0.4178,0.525,0.4892,0.57106,0.4892,0.66214,0.4869,0.77496,0.4719,0.82146,0.4525
20,90,False,0.8688399791717529,0.4596000015735626,0.42442,0.4185,0.52758,0.4906,0.57326,0.4861,0.67242,0.4895,0.79428,0.4762,0.85102,0.4604
20,91,False,0.8754000067710876,0.45910000801086426,0.42344,0.4169,0.52824,0.4889,0.57482,0.4891,0.67448,0.4888,0.80404,0.4762,0.8599,0.457
20,92,False,0.8698800206184387,0.46299999952316284,0.42322,0.4188,0.52578,0.4888,0.57368,0.4879,0.66846,0.4886,0.7866,0.4728,0.84014,0.4576
20,93,False,0.8773199915885925,0.45730000734329224,0.42434,0.4182,0.52658,0.486,0.5743,0.4886,0.66606,0.4863,0.78438,0.4756,0.83658,0.4592
20,94,False,0.8705599904060364,0.46389999985694885,0.4247,0.4167,0.52632,0.4916,0.57582,0.4874,0.67004,0.4906,0.79282,0.4821,0.8497,0.4628
20,95,False,0.8788800239562988,0.4634999930858612,0.42254,0.4176,0.52752,0.4893,0.57314,0.4873,0.67406,0.4874,0.79626,0.477,0.85178,0.464
20,96,False,0.8766599893569946,0.45820000767707825,0.42492,0.4188,0.5263,0.4899,0.57362,0.4856,0.66672,0.4857,0.78598,0.4746,0.83864,0.459
20,97,False,0.8814200162887573,0.4681999981403351,0.42208,0.4183,0.52588,0.4905,0.57622,0.4878,0.67454,0.4921,0.8075,0.4782,0.86802,0.4637
20,98,False,0.8792799711227417,0.4528000056743622,0.42402,0.4186,0.52536,0.4849,0.5722,0.4885,0.67002,0.4868,0.7966,0.4723,0.85506,0.457
20,99,False,0.8762400150299072,0.4616999924182892,0.42364,0.4175,0.52718,0.4853,0.5752,0.4853,0.67422,0.49,0.8043,0.4711,0.86678,0.4572
20,100,False,0.8813199996948242,0.44850000739097595,0.42464,0.4185,0.5272,0.4891,0.57238,0.4856,0.67128,0.4884,0.79502,0.4703,0.85042,0.4568
21,0,False,0.09198000282049179,0.08889999985694885,0.40418,0.3932,0.4259,0.4093,0.3812,0.366,0.36802,0.3603,0.38488,0.366,0.34422,0.3391
21,1,False,0.296640008687973,0.31859999895095825,0.3679,0.3679,0.42318,0.4105,0.39472,0.3905,0.39626,0.3878,0.4032,0.3947,0.38472,0.3801
21,2,False,0.3688200116157532,0.396699994802475,0.388,0.3873,0.4482,0.4393,0.42936,0.4269,0.43098,0.4293,0.44114,0.4329,0.42512,0.4275
21,3,False,0.40314000844955444,0.413100004196167,0.40492,0.4023,0.46634,0.4541,0.44748,0.4429,0.4528,0.4481,0.46,0.4544,0.448,0.4445
21,4,False,0.4279800057411194,0.43799999356269836,0.40806,0.4054,0.47688,0.4633,0.46806,0.4577,0.47184,0.4598,0.47936,0.4599,0.46938,0.4554
21,5,False,0.4425800144672394,0.4496000111103058,0.41464,0.4092,0.48706,0.4695,0.47512,0.4628,0.48342,0.4684,0.49298,0.4754,0.4801,0.4697
21,6,False,0.4576599895954132,0.4408999979496002,0.4172,0.4127,0.4895,0.4696,0.48156,0.469,0.4904,0.4719,0.49722,0.476,0.48844,0.4727
21,7,False,0.4697999954223633,0.4674000144004822,0.41634,0.4102,0.49748,0.4784,0.49832,0.4808,0.50906,0.4859,0.51954,0.4909,0.51058,0.4849
21,8,False,0.48245999217033386,0.46790000796318054,0.41696,0.4065,0.49972,0.4784,0.50044,0.4709,0.51258,0.4824,0.52318,0.4897,0.51484,0.4812
21,9,False,0.49050000309944153,0.4731999933719635,0.42038,0.4123,0.50682,0.4788,0.512,0.486,0.52626,0.4929,0.53784,0.4958,0.5314,0.4928
21,10,False,0.4985400140285492,0.4690999984741211,0.42196,0.4147,0.50706,0.4787,0.5124,0.477,0.5253,0.4903,0.53978,0.4961,0.53352,0.4912
21,11,False,0.5101199746131897,0.4772999882698059,0.4208,0.4139,0.50742,0.4799,0.5166,0.4844,0.529,0.4923,0.5444,0.4953,0.53648,0.4944
21,12,False,0.514959990978241,0.4659999907016754,0.42184,0.4125,0.51138,0.4823,0.51846,0.4814,0.53648,0.4909,0.54978,0.4929,0.54274,0.4911
21,13,False,0.5254799723625183,0.48240000009536743,0.4216,0.4144,0.51324,0.4848,0.5299,0.4863,0.5477,0.4973,0.56566,0.5025,0.56018,0.5036
21,14,False,0.5334799885749817,0.48190000653266907,0.4199,0.413,0.51326,0.4836,0.5274,0.4845,0.54328,0.4907,0.56256,0.5012,0.55596,0.4951
21,15,False,0.5398600101470947,0.49559998512268066,0.42202,0.4177,0.51524,0.4836,0.5363,0.4869,0.55858,0.4923,0.57836,0.5028,0.57546,0.4999
21,16,False,0.5502399802207947,0.48249998688697815,0.42242,0.4153,0.51416,0.4869,0.53614,0.4838,0.55612,0.4928,0.57938,0.4973,0.57204,0.494
21,17,False,0.5535200238227844,0.4796999990940094,0.4218,0.4134,0.51612,0.489,0.53816,0.4852,0.56242,0.4929,0.58606,0.4964,0.5821,0.4943
21,18,False,0.562720000743866,0.48730000853538513,0.42264,0.4158,0.51826,0.4902,0.54578,0.484,0.57276,0.4949,0.59992,0.4986,0.59564,0.4945
21,19,False,0.5714200139045715,0.4927999973297119,0.4223,0.415,0.51872,0.489,0.5495,0.4851,0.57712,0.4953,0.60482,0.499,0.60262,0.4997
21,20,False,0.580020010471344,0.4948999881744385,0.42058,0.4132,0.51914,0.486,0.55128,0.4871,0.58312,0.4963,0.6151,0.5011,0.61134,0.5004
21,21,False,0.5889999866485596,0.4823000133037567,0.4208,0.415,0.51738,0.4866,0.54738,0.4839,0.57706,0.4957,0.60752,0.497,0.60284,0.4941
21,22,False,0.5966200232505798,0.4684999883174896,0.4197,0.4132,0.51854,0.4866,0.5473,0.4795,0.57946,0.483,0.61356,0.4911,0.61034,0.4846
21,23,False,0.6046800017356873,0.48739999532699585,0.42106,0.4115,0.51972,0.4874,0.551,0.4809,0.58834,0.486,0.6258,0.4931,0.6252,0.49
21,24,False,0.6107000112533569,0.49079999327659607,0.42218,0.4122,0.51912,0.4855,0.55728,0.4887,0.60086,0.4938,0.64416,0.4993,0.64386,0.4947
21,25,False,0.6203399896621704,0.4844000041484833,0.41966,0.4103,0.51998,0.4857,0.55914,0.4823,0.60504,0.488,0.6523,0.4933,0.65332,0.4902
21,26,False,0.6290199756622314,0.4765999913215637,0.42108,0.4124,0.52066,0.4832,0.55682,0.4812,0.60054,0.4882,0.64714,0.4909,0.64514,0.4845
21,27,False,0.6340799927711487,0.4819999933242798,0.41944,0.4144,0.51688,0.4857,0.55484,0.4846,0.59732,0.4901,0.644,0.4945,0.64286,0.4849
21,28,False,0.6427800059318542,0.47369998693466187,0.41912,0.4118,0.52114,0.4879,0.559,0.4872,0.60758,0.4884,0.65558,0.4862,0.65644,0.483
21,29,False,0.6510999798774719,0.486299991607666,0.41928,0.4129,0.51908,0.485,0.5603,0.4815,0.61236,0.4859,0.66572,0.492,0.67098,0.4817
21,30,False,0.6642000079154968,0.47769999504089355,0.41952,0.4105,0.52082,0.4821,0.56276,0.4849,0.61824,0.485,0.67668,0.4904,0.68464,0.4845
21,31,False,0.6699600219726562,0.48489999771118164,0.41946,0.4118,0.52066,0.4829,0.56262,0.4836,0.61956,0.4863,0.68376,0.4913,0.69202,0.4884
21,32,False,0.6771199703216553,0.47769999504089355,0.41938,0.4114,0.52108,0.4871,0.56238,0.4845,0.61906,0.4831,0.6826,0.4862,0.68562,0.484
21,33,False,0.6837800145149231,0.462799996137619,0.41948,0.4113,0.51898,0.4844,0.55754,0.4741,0.60946,0.4739,0.66932,0.4804,0.67314,0.4744
21,34,False,0.6931599974632263,0.4771000146865845,0.4192,0.4127,0.52264,0.4834,0.56532,0.4815,0.62494,0.4839,0.6942,0.4916,0.705,0.4814
21,35,False,0.6992200016975403,0.4726000130176544,0.41918,0.4124,0.51922,0.4838,0.55966,0.479,0.61348,0.4799,0.67928,0.4873,0.68728,0.4811
21,36,False,0.7034199833869934,0.47699999809265137,0.4196,0.4112,0.51938,0.4843,0.56328,0.4838,0.62132,0.4821,0.69024,0.4835,0.70156,0.4778
21,37,False,0.7086399793624878,0.4668999910354614,0.41872,0.4108,0.5175,0.4829,0.56158,0.4796,0.6196,0.4759,0.69572,0.4836,0.70702,0.4742
21,38,False,0.716159999370575,0.4740999937057495,0.41764,0.4105,0.5189,0.4839,0.56354,0.481,0.63006,0.4759,0.7129,0.4834,0.72656,0.4758
21,39,False,0.7231600284576416,0.4699000120162964,0.42064,0.4129,0.51954,0.489,0.56304,0.4812,0.62742,0.479,0.70742,0.478,0.7216,0.4726
21,40,False,0.7279599905014038,0.47519999742507935,0.41854,0.4097,0.5193,0.4845,0.56196,0.4784,0.62472,0.4779,0.70836,0.4847,0.72254,0.4806
21,41,False,0.7364599704742432,0.4790000021457672,0.41892,0.4111,0.52018,0.4872,0.5657,0.4793,0.6355,0.4793,0.72752,0.4849,0.74548,0.4777
21,42,False,0.7404800057411194,0.46299999952316284,0.41772,0.4122,0.52056,0.4866,0.56504,0.4823,0.62886,0.478,0.7175,0.4762,0.73418,0.4674
21,43,False,0.7474200129508972,0.46480000019073486,0.4194,0.4134,0.52084,0.4891,0.56336,0.4818,0.62842,0.4802,0.71062,0.4826,0.72678,0.4641
21,44,False,0.7527999877929688,0.46880000829696655,0.41954,0.4126,0.51902,0.4867,0.56426,0.4803,0.63562,0.4769,0.72754,0.4839,0.74814,0.4716
21,45,False,0.7504400014877319,0.4657999873161316,0.41986,0.4112,0.52202,0.4853,0.56708,0.4836,0.63992,0.4807,0.73398,0.4805,0.75614,0.4719
21,46,False,0.7547399997711182,0.45879998803138733,0.41824,0.4101,0.52114,0.486,0.56708,0.4807,0.63334,0.4784,0.72584,0.4822,0.74394,0.4634
21,47,False,0.7633200287818909,0.4632999897003174,0.4185,0.4107,0.52028,0.4866,0.56442,0.4793,0.63166,0.4763,0.71872,0.4802,0.73958,0.47
21,48,False,0.7734000086784363,0.4609000086784363,0.41864,0.4091,0.51986,0.4862,0.56534,0.4818,0.63114,0.4784,0.72044,0.477,0.74316,0.4666
21,49,False,0.7703199982643127,0.46540001034736633,0.41782,0.4122,0.5206,0.4827,0.56406,0.477,0.63316,0.4761,0.73042,0.4792,0.75488,0.4649
21,50,False,0.7806000113487244,0.4690999984741211,0.41808,0.4122,0.5198,0.4843,0.5665,0.4831,0.64238,0.478,0.74494,0.4807,0.77226,0.474
21,51,False,0.7799400091171265,0.4629000127315521,0.41758,0.4108,0.51994,0.4809,0.56488,0.4817,0.63516,0.4759,0.73324,0.4791,0.75832,0.4621
21,52,False,0.7875999808311462,0.453000009059906,0.41784,0.4102,0.51806,0.4829,0.5623,0.4765,0.62964,0.4736,0.7191,0.4696,0.74424,0.4586
21,53,False,0.7938799858093262,0.4575999975204468,0.41826,0.4086,0.52036,0.489,0.56506,0.4795,0.63474,0.4754,0.73136,0.475,0.7559,0.4642
21,54,False,0.7949600219726562,0.4611000120639801,0.41852,0.4103,0.51952,0.4833,0.56794,0.482,0.64682,0.477,0.75128,0.4785,0.78342,0.4648
21,55,False,0.7926999926567078,0.453900009393692,0.41738,0.4119,0.52018,0.4866,0.56402,0.478,0.63552,0.4707,0.7351,0.4679,0.76166,0.4569
21,56,False,0.801580011844635,0.4629000127315521,0.41772,0.4107,0.5183,0.4846,0.5663,0.4801,0.64018,0.4745,0.74152,0.4796,0.7707,0.4669
21,57,False,0.809440016746521,0.4593999981880188,0.41776,0.4112,0.51962,0.4868,0.5656,0.4794,0.64268,0.4771,0.75064,0.4729,0.778,0.4607
21,58,False,0.8076599836349487,0.4487999975681305,0.41794,0.4092,0.52056,0.4872,0.56214,0.4777,0.62882,0.4812,0.71752,0.4728,0.74198,0.4619
21,59,False,0.8095800280570984,0.45899999141693115,0.41854,0.4128,0.52078,0.4853,0.5692,0.4796,0.6445,0.482,0.75156,0.4789,0.78594,0.4605
21,60,False,0.8207799792289734,0.45339998602867126,0.41804,0.4102,0.51924,0.483,0.56722,0.4792,0.64466,0.4758,0.75562,0.4751,0.78902,0.4556
21,61,False,0.819920003414154,0.4510999917984009,0.41792,0.4117,0.52016,0.488,0.56734,0.477,0.64642,0.4729,0.7603,0.4694,0.7968,0.4588
21,62,False,0.8201000094413757,0.4634000062942505,0.4168,0.4101,0.5189,0.4817,0.56412,0.4765,0.63866,0.4698,0.74526,0.4771,0.78066,0.461
21,63,False,0.8213000297546387,0.4555000066757202,0.41766,0.4107,0.519,0.4905,0.5628,0.4798,0.64068,0.477,0.74792,0.4745,0.78072,0.4586
21,64,False,0.8313999772071838,0.4625999927520752,0.41776,0.4114,0.51922,0.4847,0.56468,0.4788,0.6459,0.4782,0.76012,0.4778,0.79932,0.4664
21,65,False,0.8259999752044678,0.4593000113964081,0.41914,0.4112,0.51806,0.4841,0.56598,0.4768,0.64588,0.477,0.7582,0.4805,0.79356,0.4625
21,66,False,0.827459990978241,0.46239998936653137,0.41708,0.4128,0.51904,0.487,0.56584,0.477,0.6454,0.4731,0.76046,0.4699,0.79832,0.4599
21,67,False,0.8335400223731995,0.46399998664855957,0.41808,0.4119,0.5191,0.4848,0.57018,0.4801,0.65082,0.4784,0.7748,0.4783,0.8175,0.4647
21,68,False,0.8398000001907349,0.459199994802475,0.41786,0.4113,0.51968,0.4848,0.56744,0.4814,0.65006,0.4774,0.77224,0.4722,0.81158,0.4554
21,69,False,0.8288800120353699,0.4577000141143799,0.41744,0.4121,0.51822,0.4832,0.56892,0.4773,0.64968,0.4783,0.77406,0.4727,0.81286,0.4584
21,70,False,0.8382400274276733,0.46209999918937683,0.41766,0.4108,0.51952,0.4851,0.5652,0.4775,0.6432,0.4794,0.75994,0.4796,0.79238,0.4636
21,71,False,0.8435199856758118,0.4514999985694885,0.41778,0.4119,0.51772,0.4828,0.56248,0.478,0.6432,0.4737,0.76032,0.4708,0.80066,0.4544
21,72,False,0.8432599902153015,0.4562999904155731,0.4175,0.4106,0.51836,0.4833,0.5676,0.4742,0.64608,0.4785,0.767,0.4775,0.8063,0.4615
21,73,False,0.8484799861907959,0.4562999904155731,0.41754,0.4114,0.51884,0.4835,0.5649,0.476,0.64894,0.4695,0.77074,0.4678,0.81384,0.4562
21,74,False,0.8427199721336365,0.45410001277923584,0.4172,0.4108,0.51798,0.4811,0.56958,0.4838,0.65316,0.478,0.78266,0.4766,0.83002,0.4611
21,75,False,0.8492799997329712,0.43810001015663147,0.41732,0.41,0.51864,0.4844,0.56402,0.4739,0.64052,0.4678,0.75656,0.4652,0.79346,0.4478
21,76,False,0.8476799726486206,0.45739999413490295,0.4172,0.4108,0.52186,0.4821,0.56952,0.4795,0.65252,0.4776,0.78118,0.4806,0.82266,0.4607
21,77,False,0.8562399744987488,0.453000009059906,0.41702,0.4101,0.51988,0.4854,0.56944,0.4788,0.65226,0.476,0.78542,0.4727,0.83452,0.4565
21,78,False,0.8564199805259705,0.4514999985694885,0.41716,0.4085,0.5181,0.4819,0.56362,0.4809,0.6434,0.477,0.7647,0.4742,0.80918,0.4565
21,79,False,0.8555999994277954,0.46070000529289246,0.41702,0.4096,0.518,0.484,0.56868,0.4817,0.65038,0.4758,0.78214,0.4809,0.82718,0.4622
21,80,False,0.858959972858429,0.45820000767707825,0.41576,0.4101,0.5188,0.4844,0.56542,0.4793,0.64486,0.4776,0.7673,0.4754,0.81652,0.4596
21,81,False,0.8652799725532532,0.4526999890804291,0.41712,0.4096,0.51962,0.4883,0.56428,0.4808,0.64538,0.4739,0.77096,0.4713,0.81726,0.4534
21,82,False,0.855180025100708,0.44440001249313354,0.41654,0.4118,0.5173,0.4787,0.56564,0.4764,0.6422,0.4782,0.7632,0.4706,0.80744,0.4538
21,83,False,0.8639000058174133,0.445499986410141,0.41778,0.4119,0.51936,0.4837,0.56674,0.4771,0.64856,0.4792,0.77184,0.4686,0.82246,0.4548
21,84,False,0.8657400012016296,0.45080000162124634,0.41782,0.4104,0.52058,0.4837,0.56956,0.4818,0.64882,0.4752,0.7801,0.4689,0.83114,0.4532
21,85,False,0.8621199727058411,0.4580000042915344,0.41628,0.4099,0.51936,0.4855,0.56602,0.4814,0.64782,0.4713,0.77766,0.4711,0.83052,0.4576
21,86,False,0.870199978351593,0.4560000002384186,0.41746,0.4123,0.52104,0.4866,0.56646,0.4789,0.64518,0.4793,0.77372,0.4726,0.82146,0.4525
21,87,False,0.8704800009727478,0.453000009059906,0.41572,0.4099,0.51852,0.4839,0.56888,0.4825,0.65216,0.4748,0.78816,0.468,0.84362,0.4562
21,88,False,0.8658599853515625,0.4514999985694885,0.41782,0.4103,0.52002,0.4838,0.5682,0.4808,0.65324,0.477,0.79226,0.4736,0.84486,0.4586
21,89,False,0.8665199875831604,0.4542999863624573,0.41734,0.4089,0.51832,0.4878,0.56666,0.4808,0.6425,0.4745,0.77,0.4695,0.81962,0.4547
21,90,False,0.8711000084877014,0.44839999079704285,0.41644,0.4121,0.51736,0.4831,0.56526,0.4777,0.64226,0.4775,0.7707,0.4718,0.81906,0.4557
21,91,False,0.8735399842262268,0.4487999975681305,0.41664,0.4129,0.51848,0.4853,0.5629,0.476,0.63786,0.4746,0.75368,0.4723,0.79326,0.4542
21,92,False,0.8757399916648865,0.45159998536109924,0.4166,0.4125,0.51852,0.4842,0.56858,0.4782,0.65602,0.4753,0.79458,0.4686,0.85272,0.4512
21,93,False,0.872439980506897,0.4510999917984009,0.41656,0.4107,0.52036,0.4834,0.56406,0.4744,0.64666,0.4756,0.77706,0.4679,0.83018,0.4517
21,94,False,0.8753200173377991,0.45019999146461487,0.41768,0.4108,0.5189,0.4834,0.56508,0.4744,0.6503,0.4766,0.78348,0.4692,0.83448,0.453
21,95,False,0.8756800293922424,0.4480000138282776,0.41646,0.4115,0.51916,0.4834,0.56798,0.4764,0.6472,0.4744,0.78162,0.4716,0.83342,0.4492
21,96,False,0.873420000076294,0.4478999972343445,0.41644,0.4128,0.51908,0.4849,0.56906,0.4753,0.64976,0.4773,0.79098,0.4701,0.84704,0.4508
21,97,False,0.8826000094413757,0.4487999975681305,0.41646,0.4117,0.51738,0.4831,0.56686,0.479,0.65114,0.4701,0.78846,0.465,0.84002,0.4489
21,98,False,0.8805199861526489,0.45590001344680786,0.4164,0.4109,0.51944,0.4829,0.5703,0.476,0.65728,0.4708,0.80334,0.4726,0.86632,0.4562
21,99,False,0.8811399936676025,0.45210000872612,0.41694,0.4114,0.51934,0.4818,0.56822,0.4771,0.6505,0.4765,0.78786,0.4683,0.8419,0.4548
21,100,False,0.8852199912071228,0.4503999948501587,0.41724,0.4108,0.5187,0.4838,0.56408,0.4747,0.6442,0.4695,0.77688,0.4716,0.82262,0.4525
22,0,False,0.097120001912117,0.09640000015497208,0.39822,0.3957,0.42194,0.4076,0.37842,0.3698,0.36408,0.3611,0.38668,0.372,0.34762,0.3378
22,1,False,0.29708001017570496,0.34880000352859497,0.35058,0.3476,0.41748,0.4078,0.38606,0.382,0.39068,0.3857,0.40032,0.3891,0.38088,0.3815
22,2,False,0.36386001110076904,0.3743000030517578,0.36504,0.3653,0.43612,0.4271,0.41328,0.4098,0.42392,0.417,0.43108,0.4236,0.41942,0.4174
22,3,False,0.3908199965953827,0.413100004196167,0.37804,0.3747,0.45148,0.4474,0.43522,0.4348,0.44064,0.4403,0.44896,0.4407,0.4403,0.4377
22,4,False,0.41312000155448914,0.4307999908924103,0.38794,0.387,0.46234,0.4562,0.44942,0.4483,0.45504,0.4513,0.46172,0.454,0.45294,0.4505
22,5,False,0.4293400049209595,0.445499986410141,0.38974,0.393,0.47124,0.4637,0.45312,0.4524,0.46552,0.4602,0.47454,0.4666,0.4652,0.4619
22,6,False,0.4418399930000305,0.4490000009536743,0.39206,0.388,0.47878,0.4703,0.46926,0.4655,0.47924,0.4693,0.4877,0.4701,0.47948,0.4689
22,7,False,0.4566600024700165,0.45419999957084656,0.39228,0.3935,0.483,0.47,0.47376,0.4621,0.48596,0.4651,0.49616,0.4731,0.48738,0.4649
22,8,False,0.4677799940109253,0.46459999680519104,0.39646,0.3966,0.4901,0.4707,0.48646,0.4737,0.49948,0.4821,0.5095,0.4833,0.50188,0.4808
22,9,False,0.47266000509262085,0.45750001072883606,0.3961,0.396,0.48926,0.4743,0.48818,0.4755,0.50656,0.4816,0.51434,0.4849,0.50826,0.4827
22,10,False,0.48267999291419983,0.46889999508857727,0.3971,0.3939,0.49556,0.4796,0.4925,0.4757,0.5126,0.4852,0.52276,0.4853,0.51386,0.4837
22,11,False,0.49347999691963196,0.4690000116825104,0.39916,0.4004,0.49588,0.4795,0.49688,0.4784,0.51824,0.4829,0.52878,0.4886,0.52004,0.4862
22,12,False,0.4977000057697296,0.47620001435279846,0.39912,0.3973,0.49712,0.4787,0.50186,0.4739,0.5246,0.4836,0.53664,0.4915,0.5312,0.485
22,13,False,0.506380021572113,0.48159998655319214,0.39978,0.3969,0.50082,0.4801,0.5083,0.4804,0.53182,0.4872,0.54454,0.4934,0.5392,0.4876
22,14,False,0.5141800045967102,0.4609000086784363,0.40084,0.3982,0.50296,0.4809,0.50682,0.4764,0.52988,0.4819,0.54314,0.4885,0.5378,0.4819
22,15,False,0.5208600163459778,0.47699999809265137,0.40036,0.3988,0.50384,0.4823,0.51322,0.4768,0.53946,0.489,0.55636,0.4973,0.55318,0.4924
22,16,False,0.5259199738502502,0.47769999504089355,0.4,0.3986,0.50394,0.4804,0.51064,0.4802,0.53694,0.4891,0.55334,0.4914,0.54526,0.4889
22,17,False,0.5361800193786621,0.4690999984741211,0.40116,0.4002,0.5049,0.4822,0.51472,0.4766,0.54198,0.4884,0.56168,0.4931,0.5545,0.488
22,18,False,0.5410199761390686,0.47859999537467957,0.40348,0.3986,0.50536,0.4791,0.52148,0.4826,0.55148,0.4902,0.57316,0.4905,0.5686,0.4874
22,19,False,0.5461000204086304,0.4749999940395355,0.40166,0.3995,0.50504,0.483,0.5197,0.4814,0.5529,0.4895,0.57424,0.4935,0.56956,0.4891
22,20,False,0.5526599884033203,0.47839999198913574,0.40186,0.3998,0.50754,0.4812,0.52182,0.4799,0.55964,0.487,0.58352,0.4896,0.58164,0.4864
22,21,False,0.5583800077438354,0.4722999930381775,0.40212,0.3964,0.50422,0.4787,0.51946,0.4761,0.55644,0.4821,0.57972,0.4857,0.57726,0.4816
22,22,False,0.5685200095176697,0.47620001435279846,0.40278,0.399,0.50752,0.4795,0.5215,0.4752,0.56354,0.4855,0.59176,0.4868,0.58996,0.485
22,23,False,0.578719973564148,0.48019999265670776,0.40192,0.3984,0.50848,0.4782,0.52508,0.4745,0.56674,0.487,0.6007,0.4917,0.59674,0.4875
22,24,False,0.5788800120353699,0.4672999978065491,0.40222,0.3976,0.50704,0.4844,0.51944,0.4741,0.55428,0.4809,0.5833,0.4866,0.57956,0.482
22,25,False,0.5892599821090698,0.47279998660087585,0.4017,0.3957,0.50828,0.4832,0.5266,0.4774,0.57068,0.4875,0.60394,0.4829,0.60382,0.4832
22,26,False,0.5961800217628479,0.47540000081062317,0.4034,0.3998,0.50932,0.4803,0.52656,0.4779,0.5749,0.4866,0.61438,0.4897,0.61604,0.4847
22,27,False,0.6050000190734863,0.478300005197525,0.40226,0.4005,0.50706,0.4805,0.52708,0.4749,0.57572,0.4857,0.61492,0.4905,0.61786,0.4862
22,28,False,0.6116200089454651,0.4763999879360199,0.40224,0.3984,0.50804,0.4817,0.52606,0.4733,0.57606,0.4824,0.61566,0.4851,0.61926,0.4829
22,29,False,0.6188799738883972,0.48089998960494995,0.40272,0.3983,0.51108,0.4816,0.53364,0.4791,0.58846,0.4891,0.63794,0.4856,0.64794,0.4835
22,30,False,0.6247199773788452,0.4632999897003174,0.40088,0.3975,0.50596,0.4793,0.52848,0.4724,0.57868,0.4818,0.62416,0.4808,0.62606,0.4719
22,31,False,0.6336399912834167,0.47510001063346863,0.40314,0.398,0.5098,0.4817,0.53008,0.4777,0.58558,0.4885,0.64078,0.4875,0.64782,0.4819
22,32,False,0.6406000256538391,0.4650999903678894,0.40202,0.4009,0.5085,0.4822,0.52698,0.477,0.57784,0.4834,0.62704,0.4841,0.63426,0.4746
22,33,False,0.6424800157546997,0.46779999136924744,0.40266,0.3992,0.51024,0.484,0.53152,0.4785,0.58684,0.4864,0.64446,0.4816,0.65242,0.478
22,34,False,0.6545000076293945,0.4690999984741211,0.40288,0.3968,0.51016,0.4832,0.53244,0.4743,0.592,0.4864,0.65048,0.4842,0.66354,0.4779
22,35,False,0.6618199944496155,0.46459999680519104,0.40284,0.3965,0.51114,0.4809,0.53732,0.4732,0.59716,0.4818,0.66114,0.4801,0.67036,0.4691
22,36,False,0.6726999878883362,0.4661000072956085,0.40202,0.3981,0.50764,0.4809,0.53078,0.4732,0.58758,0.4787,0.64662,0.4815,0.65926,0.475
22,37,False,0.675599992275238,0.4675999879837036,0.4006,0.3968,0.51032,0.4812,0.53214,0.4774,0.58958,0.4837,0.64964,0.4767,0.66378,0.4704
22,38,False,0.6776999831199646,0.4643999934196472,0.40196,0.3997,0.50982,0.4827,0.53154,0.4703,0.59094,0.4826,0.65282,0.4815,0.66498,0.4657
22,39,False,0.6868399977684021,0.4652999937534332,0.4018,0.4025,0.50866,0.4816,0.53142,0.4758,0.59102,0.4841,0.65892,0.4802,0.66864,0.4719
22,40,False,0.6926000118255615,0.4602000117301941,0.40004,0.3964,0.50932,0.4833,0.52908,0.4732,0.58778,0.4828,0.64908,0.4791,0.6657,0.4676
22,41,False,0.6924800276756287,0.45399999618530273,0.4017,0.3958,0.50716,0.4819,0.53372,0.4753,0.59286,0.4793,0.67074,0.4749,0.6879,0.466
22,42,False,0.7097799777984619,0.4648999869823456,0.40136,0.3979,0.50988,0.4818,0.53192,0.472,0.59194,0.4838,0.6666,0.4801,0.68448,0.4749
22,43,False,0.7080600261688232,0.4530999958515167,0.40246,0.3977,0.5105,0.4832,0.53562,0.4764,0.5948,0.4782,0.67138,0.4809,0.68726,0.4615
22,44,False,0.7120000123977661,0.46389999985694885,0.40158,0.3979,0.51164,0.4842,0.53536,0.4792,0.60188,0.4889,0.68332,0.4816,0.70908,0.4669
22,45,False,0.7239400148391724,0.4666000008583069,0.40138,0.3967,0.51,0.4808,0.53422,0.475,0.5959,0.4848,0.67116,0.4817,0.69432,0.4693
22,46,False,0.7260800004005432,0.4580000042915344,0.40158,0.3982,0.51128,0.4824,0.5366,0.4766,0.60114,0.4801,0.683,0.482,0.70886,0.467
22,47,False,0.731660008430481,0.45820000767707825,0.40034,0.3979,0.50922,0.4834,0.53352,0.4791,0.59646,0.48,0.67528,0.4795,0.69828,0.4684
22,48,False,0.7281200289726257,0.4553999900817871,0.40142,0.3984,0.50968,0.4819,0.5299,0.474,0.59522,0.4812,0.6695,0.4799,0.6884,0.4651
22,49,False,0.7423800230026245,0.4555000066757202,0.39972,0.3994,0.50978,0.4829,0.53418,0.4763,0.60014,0.4794,0.67992,0.4751,0.70618,0.4587
22,50,False,0.7414000034332275,0.45010000467300415,0.40092,0.3989,0.50844,0.4793,0.53064,0.4721,0.59244,0.4863,0.66872,0.4717,0.69284,0.4613
22,51,False,0.748199999332428,0.4560999870300293,0.4013,0.3978,0.50986,0.484,0.53564,0.4751,0.60412,0.4841,0.69462,0.4761,0.72626,0.4677
22,52,False,0.7542799711227417,0.45890000462532043,0.40098,0.3989,0.50952,0.4826,0.53362,0.4768,0.60354,0.4853,0.69332,0.4801,0.7268,0.4633
22,53,False,0.7554399967193604,0.4580000042915344,0.40068,0.3977,0.5107,0.4836,0.53292,0.4725,0.60106,0.4815,0.68772,0.4728,0.71498,0.4616
22,54,False,0.7607200145721436,0.45809999108314514,0.40106,0.3994,0.50972,0.4797,0.53236,0.4734,0.60184,0.482,0.69686,0.4754,0.72738,0.4607
22,55,False,0.763979971408844,0.4368000030517578,0.39976,0.3969,0.50664,0.4782,0.53342,0.4732,0.59076,0.4812,0.66866,0.4702,0.69094,0.4521
22,56,False,0.7642199993133545,0.4458000063896179,0.40006,0.3985,0.50972,0.4819,0.53412,0.4744,0.60088,0.4798,0.69128,0.4763,0.72058,0.4568
22,57,False,0.7730600237846375,0.45840001106262207,0.40004,0.3969,0.5106,0.485,0.5351,0.4734,0.60716,0.481,0.70318,0.4774,0.74022,0.4582
22,58,False,0.7734599709510803,0.4586000144481659,0.40072,0.399,0.51012,0.48,0.53446,0.4705,0.60554,0.4831,0.704,0.4761,0.7459,0.4615
22,59,False,0.7821599841117859,0.4535999894142151,0.39978,0.3984,0.50932,0.4798,0.53252,0.4728,0.60252,0.4796,0.69446,0.4728,0.7345,0.4584
22,60,False,0.7896000146865845,0.44440001249313354,0.3991,0.397,0.50796,0.4801,0.52722,0.4703,0.5879,0.4783,0.66582,0.4704,0.69476,0.4538
22,61,False,0.7808799743652344,0.45570001006126404,0.40088,0.3975,0.50854,0.481,0.53246,0.4724,0.59844,0.4785,0.68988,0.4736,0.7237,0.4611
22,62,False,0.7936000227928162,0.45080000162124634,0.40078,0.3991,0.50944,0.4843,0.53562,0.4719,0.60786,0.4825,0.7107,0.4755,0.75474,0.4592
22,63,False,0.7894200086593628,0.44530001282691956,0.39994,0.3977,0.50784,0.4841,0.53524,0.4765,0.60716,0.4788,0.70976,0.4707,0.75256,0.4543
22,64,False,0.7935000061988831,0.4487999975681305,0.39924,0.3958,0.5083,0.4767,0.53288,0.4721,0.60246,0.4785,0.6973,0.4758,0.73582,0.4562
22,65,False,0.8008999824523926,0.44830000400543213,0.40016,0.3949,0.50784,0.4812,0.533,0.4722,0.6043,0.479,0.70714,0.4771,0.74594,0.4501
22,66,False,0.8006200194358826,0.45339998602867126,0.39988,0.3981,0.50866,0.4795,0.53244,0.4739,0.6043,0.482,0.70722,0.4737,0.75624,0.4564
22,67,False,0.8071600198745728,0.45100000500679016,0.39968,0.3957,0.50914,0.4784,0.53566,0.4756,0.61022,0.4777,0.72,0.4742,0.76818,0.4539
22,68,False,0.8082799911499023,0.4519999921321869,0.40076,0.3985,0.50936,0.4834,0.53298,0.479,0.60416,0.482,0.7022,0.4758,0.74656,0.4565
22,69,False,0.803879976272583,0.4514999985694885,0.39994,0.396,0.50778,0.4801,0.5315,0.474,0.59758,0.4767,0.70152,0.4759,0.74418,0.4535
22,70,False,0.8098599910736084,0.4528000056743622,0.40064,0.3967,0.50902,0.4799,0.53588,0.4769,0.61058,0.4811,0.72318,0.4795,0.77626,0.4561
22,71,False,0.8127400279045105,0.45649999380111694,0.40008,0.3973,0.50898,0.4829,0.53582,0.4752,0.60928,0.4813,0.71904,0.4725,0.77346,0.4575
22,72,False,0.8100799918174744,0.4575999975204468,0.40036,0.3969,0.50946,0.4851,0.53368,0.4741,0.609,0.4771,0.72328,0.4711,0.7764,0.4581
22,73,False,0.8160600066184998,0.45179998874664307,0.40078,0.3955,0.50862,0.485,0.5329,0.4705,0.6016,0.4821,0.70872,0.4752,0.75478,0.4582
22,74,False,0.8190799951553345,0.4494999945163727,0.40048,0.3967,0.508,0.4797,0.53346,0.4759,0.60224,0.4825,0.7077,0.4765,0.752,0.4524
22,75,False,0.8219799995422363,0.45179998874664307,0.39996,0.3971,0.50842,0.4817,0.5344,0.4755,0.6103,0.4807,0.71884,0.4742,0.7762,0.4503
22,76,False,0.8151199817657471,0.45019999146461487,0.39934,0.3969,0.50842,0.4808,0.53502,0.4681,0.60508,0.4782,0.71216,0.4754,0.76094,0.4541
22,77,False,0.8298199772834778,0.44179999828338623,0.40022,0.3981,0.5086,0.4814,0.53308,0.4728,0.60202,0.4806,0.71584,0.471,0.76742,0.4528
22,78,False,0.8293200135231018,0.4530999958515167,0.40048,0.3962,0.50794,0.4787,0.53492,0.4764,0.60908,0.4837,0.72034,0.4762,0.77656,0.4548
22,79,False,0.8280199766159058,0.44929999113082886,0.40052,0.3958,0.50726,0.4842,0.53232,0.4761,0.60898,0.4773,0.71906,0.475,0.76808,0.4559
22,80,False,0.8299199938774109,0.45010000467300415,0.40082,0.3977,0.50706,0.4789,0.53092,0.4728,0.60114,0.4758,0.71104,0.4724,0.762,0.4517
22,81,False,0.8338800072669983,0.4431999921798706,0.39944,0.3951,0.50818,0.4826,0.53138,0.4708,0.604,0.4775,0.71394,0.4719,0.76628,0.4493
22,82,False,0.8329399824142456,0.4487000107765198,0.40022,0.3966,0.50698,0.4798,0.53188,0.4744,0.60974,0.4812,0.72556,0.4747,0.7811,0.4543
22,83,False,0.8410800099372864,0.4471000134944916,0.39946,0.3962,0.50794,0.4824,0.53388,0.4699,0.61002,0.484,0.72988,0.4745,0.78804,0.45
22,84,False,0.8296999931335449,0.44859999418258667,0.40042,0.3988,0.50844,0.4826,0.53234,0.4716,0.60886,0.4802,0.7267,0.4724,0.78602,0.4519
22,85,False,0.8378400206565857,0.4526999890804291,0.399,0.3972,0.50988,0.4813,0.53472,0.4712,0.605,0.4793,0.73046,0.4711,0.79324,0.4538
22,86,False,0.8482999801635742,0.4431000053882599,0.39906,0.3965,0.50834,0.4796,0.53354,0.4723,0.6068,0.4789,0.72802,0.4689,0.7878,0.4429
22,87,False,0.8388199806213379,0.453900009393692,0.40102,0.3972,0.5086,0.4791,0.5352,0.4774,0.60846,0.4791,0.7398,0.4732,0.8055,0.4558
22,88,False,0.8434000015258789,0.45179998874664307,0.40026,0.3984,0.50922,0.4812,0.5318,0.4745,0.6057,0.4828,0.71932,0.4722,0.77576,0.4551
22,89,False,0.8377799987792969,0.45410001277923584,0.40044,0.3982,0.50812,0.4792,0.53116,0.4727,0.6095,0.4837,0.73132,0.4751,0.80166,0.4549
22,90,False,0.8518199920654297,0.44620001316070557,0.40068,0.3984,0.50852,0.477,0.5303,0.4751,0.60172,0.477,0.7169,0.4661,0.77436,0.4549
22,91,False,0.8478000164031982,0.44609999656677246,0.39954,0.3975,0.50814,0.48,0.53248,0.4739,0.6082,0.4795,0.72382,0.4705,0.78714,0.4515
22,92,False,0.8483399748802185,0.4431999921798706,0.39972,0.3975,0.50828,0.4789,0.53284,0.4751,0.60714,0.477,0.72134,0.4698,0.77804,0.4436
22,93,False,0.8474000096321106,0.4429999887943268,0.4003,0.3956,0.509,0.4784,0.53516,0.4739,0.61222,0.4772,0.73844,0.4701,0.8071,0.4539
22,94,False,0.8567799925804138,0.43950000405311584,0.39846,0.395,0.50748,0.4798,0.53268,0.4735,0.60386,0.4768,0.7216,0.472,0.78486,0.4503
22,95,False,0.8481799960136414,0.4408999979496002,0.40024,0.3979,0.50756,0.4791,0.53136,0.4701,0.6047,0.4755,0.7269,0.4699,0.78682,0.4486
22,96,False,0.850820004940033,0.45239999890327454,0.40054,0.3958,0.5076,0.4816,0.53264,0.4776,0.60896,0.4815,0.73218,0.4691,0.79746,0.4546
22,97,False,0.8569999933242798,0.4447999894618988,0.3992,0.3974,0.50882,0.4774,0.53324,0.4732,0.61056,0.4816,0.74122,0.4687,0.81242,0.4496
22,98,False,0.8627200126647949,0.43529999256134033,0.39924,0.3972,0.50944,0.4812,0.53202,0.4743,0.60714,0.4806,0.72832,0.4673,0.79236,0.4459
22,99,False,0.8570600152015686,0.4372999966144562,0.39914,0.3975,0.50982,0.477,0.53468,0.4697,0.60806,0.4777,0.73864,0.471,0.80932,0.4481
22,100,False,0.8597000241279602,0.44369998574256897,0.40032,0.3952,0.50888,0.4787,0.5336,0.474,0.6098,0.4803,0.73974,0.4671,0.81192,0.449
23,0,False,0.1017799973487854,0.10409999638795853,0.39512,0.392,0.41812,0.4058,0.37868,0.3721,0.36976,0.3613,0.38932,0.3717,0.35362,0.3472
23,1,False,0.2937600016593933,0.33160001039505005,0.37328,0.3722,0.42864,0.4169,0.39914,0.3927,0.40152,0.399,0.41154,0.4036,0.39434,0.3932
23,2,False,0.3740600049495697,0.3720000088214874,0.3859,0.3857,0.45114,0.4402,0.42296,0.4181,0.42676,0.4226,0.43766,0.4289,0.4265,0.4235
23,3,False,0.4059799909591675,0.41920000314712524,0.39926,0.3983,0.46744,0.4538,0.4478,0.441,0.45314,0.4429,0.46348,0.4513,0.45162,0.4475
23,4,False,0.42513999342918396,0.4348999857902527,0.41098,0.411,0.47494,0.4621,0.45872,0.4475,0.4655,0.4526,0.47636,0.4609,0.46492,0.4538
23,5,False,0.4439600110054016,0.4530999958515167,0.4198,0.4168,0.48736,0.4703,0.47526,0.4615,0.4843,0.4699,0.49566,0.4798,0.48706,0.4745
23,6,False,0.4553000032901764,0.45320001244544983,0.42192,0.4164,0.49518,0.475,0.48484,0.47,0.4941,0.4737,0.50368,0.4817,0.49514,0.48
23,7,False,0.47119998931884766,0.4487000107765198,0.4262,0.42,0.49626,0.476,0.49008,0.4678,0.49988,0.4747,0.50948,0.4816,0.50152,0.4757
23,8,False,0.48131999373435974,0.46709999442100525,0.42656,0.4224,0.5024,0.4834,0.50342,0.4765,0.51468,0.4821,0.52558,0.4922,0.51746,0.4883
23,9,False,0.4905799925327301,0.4618000090122223,0.42826,0.4197,0.50524,0.4801,0.50608,0.472,0.51574,0.484,0.5274,0.4896,0.51922,0.4875
23,10,False,0.4973599910736084,0.4643999934196472,0.42246,0.4231,0.5079,0.4844,0.50444,0.4678,0.52026,0.4786,0.53394,0.4925,0.52802,0.4891
23,11,False,0.5070599913597107,0.4767000079154968,0.42886,0.425,0.51364,0.4829,0.51852,0.4874,0.53654,0.4883,0.55136,0.4976,0.54558,0.4984
23,12,False,0.5148800015449524,0.48249998688697815,0.43068,0.426,0.51592,0.4827,0.52228,0.4898,0.54232,0.495,0.55624,0.5018,0.55036,0.5002
23,13,False,0.5210400223731995,0.4860000014305115,0.42852,0.4244,0.51892,0.4853,0.5279,0.4916,0.54802,0.4969,0.5618,0.4998,0.55632,0.4984
23,14,False,0.5300400257110596,0.4722999930381775,0.43122,0.4264,0.519,0.4838,0.53034,0.4847,0.54492,0.4921,0.55938,0.497,0.55374,0.4975
23,15,False,0.539080023765564,0.47850000858306885,0.42728,0.4235,0.52154,0.4856,0.53102,0.4838,0.5529,0.4882,0.5681,0.4955,0.56408,0.4934
23,16,False,0.5470600128173828,0.4887000024318695,0.43,0.4238,0.5242,0.4874,0.54152,0.4882,0.56544,0.5019,0.58456,0.5068,0.57798,0.5091
23,17,False,0.5592399835586548,0.4925999939441681,0.43154,0.4254,0.52742,0.4902,0.54296,0.4863,0.56936,0.4989,0.5889,0.5034,0.58548,0.5001
23,18,False,0.5645599961280823,0.4941999912261963,0.42514,0.4213,0.52328,0.4869,0.54084,0.4868,0.56836,0.4915,0.58694,0.4982,0.58358,0.4978
23,19,False,0.5710600018501282,0.4964999854564667,0.4318,0.426,0.52752,0.4901,0.553,0.4851,0.58296,0.4966,0.60556,0.504,0.60512,0.4992
23,20,False,0.5788400173187256,0.4887000024318695,0.42742,0.4233,0.52806,0.4886,0.55334,0.4898,0.58726,0.4894,0.61002,0.4943,0.60892,0.4919
23,21,False,0.5857999920845032,0.4848000109195709,0.42728,0.4205,0.52786,0.4918,0.55198,0.4845,0.58488,0.4907,0.61024,0.495,0.60828,0.4918
23,22,False,0.5948200225830078,0.48429998755455017,0.43176,0.425,0.5287,0.4875,0.55242,0.4844,0.59084,0.4872,0.61448,0.4948,0.61444,0.4946
23,23,False,0.6018400192260742,0.49000000953674316,0.43168,0.4267,0.53156,0.4916,0.5628,0.4882,0.60388,0.4937,0.63436,0.4949,0.634,0.4943
23,24,False,0.614300012588501,0.4875999987125397,0.42948,0.4241,0.5309,0.4928,0.55982,0.4838,0.60296,0.4928,0.63668,0.4949,0.63796,0.4961
23,25,False,0.6172199845314026,0.4887000024318695,0.429,0.4199,0.52764,0.4911,0.55898,0.4858,0.60288,0.4871,0.63466,0.4969,0.63744,0.4921
23,26,False,0.6268799901008606,0.4860999882221222,0.43374,0.426,0.53276,0.4922,0.5662,0.4882,0.61392,0.4894,0.648,0.4943,0.65162,0.4919
23,27,False,0.635420024394989,0.48190000653266907,0.43114,0.4258,0.5285,0.4931,0.56386,0.4835,0.60852,0.4901,0.64376,0.4934,0.64572,0.4936
23,28,False,0.6422200202941895,0.49300000071525574,0.4295,0.4207,0.53142,0.4961,0.56562,0.4854,0.62158,0.492,0.66312,0.4976,0.66802,0.4959
23,29,False,0.650160014629364,0.48539999127388,0.431,0.4253,0.53036,0.4958,0.56852,0.4854,0.62638,0.4875,0.67014,0.4873,0.67358,0.4908
23,30,False,0.6603599786758423,0.47850000858306885,0.42932,0.4238,0.53166,0.4918,0.57034,0.4855,0.62564,0.4854,0.67162,0.4887,0.67666,0.4837
23,31,False,0.6663200259208679,0.49079999327659607,0.4296,0.4237,0.5309,0.4899,0.57676,0.4859,0.64356,0.4887,0.69424,0.4973,0.70296,0.4918
23,32,False,0.6754199862480164,0.4724999964237213,0.4289,0.4224,0.529,0.4877,0.5645,0.485,0.62108,0.4834,0.6642,0.4865,0.66844,0.4876
23,33,False,0.681659996509552,0.482699990272522,0.42932,0.4248,0.53088,0.4903,0.5709,0.4853,0.63776,0.4866,0.68482,0.4948,0.69276,0.4893
23,34,False,0.6866000294685364,0.4690000116825104,0.429,0.4249,0.53028,0.4873,0.56464,0.4783,0.62314,0.4813,0.67016,0.4833,0.6748,0.4787
23,35,False,0.6944800019264221,0.4846000075340271,0.4295,0.4215,0.53232,0.4947,0.57708,0.4844,0.64226,0.4887,0.7009,0.4935,0.71102,0.4918
23,36,False,0.7035800218582153,0.4715999960899353,0.43052,0.4252,0.52912,0.4899,0.56776,0.4792,0.62414,0.4752,0.66988,0.4844,0.67514,0.4759
23,37,False,0.7071200013160706,0.4763999879360199,0.42666,0.4235,0.53194,0.4959,0.5757,0.481,0.64822,0.485,0.71,0.4877,0.72126,0.4818
23,38,False,0.7157999873161316,0.4699000120162964,0.42846,0.4251,0.53018,0.4893,0.57228,0.4843,0.63958,0.4853,0.6978,0.4856,0.70824,0.4819
23,39,False,0.7203199863433838,0.48410001397132874,0.42722,0.4216,0.52948,0.4919,0.57148,0.4804,0.63814,0.4857,0.69982,0.4916,0.7062,0.4867
23,40,False,0.7260400056838989,0.47920000553131104,0.43078,0.4253,0.5315,0.4898,0.58022,0.4815,0.65564,0.4862,0.71996,0.4919,0.7319,0.4835
23,41,False,0.7324600219726562,0.4722999930381775,0.42958,0.4245,0.52996,0.4931,0.57912,0.4804,0.65518,0.4825,0.72418,0.4844,0.73894,0.4789
23,42,False,0.7416599988937378,0.48080000281333923,0.42852,0.4217,0.53162,0.4926,0.58104,0.486,0.65942,0.487,0.7326,0.4901,0.7491,0.4841
23,43,False,0.7488600015640259,0.47040000557899475,0.42896,0.4234,0.52998,0.4906,0.57068,0.4803,0.63458,0.4831,0.69822,0.4831,0.71008,0.4714
23,44,False,0.746999979019165,0.4699999988079071,0.42818,0.4242,0.53088,0.4878,0.5737,0.4793,0.64366,0.4825,0.70812,0.485,0.72062,0.4732
23,45,False,0.750980019569397,0.47360000014305115,0.42814,0.4237,0.5311,0.49,0.58132,0.4857,0.65442,0.4807,0.72458,0.4874,0.73802,0.478
23,46,False,0.7580400109291077,0.46889999508857727,0.429,0.4269,0.53152,0.495,0.5762,0.4812,0.65464,0.4853,0.7217,0.4843,0.73546,0.4761
23,47,False,0.7679399847984314,0.4690999984741211,0.42988,0.424,0.53138,0.4928,0.58136,0.4842,0.657,0.4859,0.73116,0.4859,0.75114,0.4722
23,48,False,0.7673799991607666,0.47290000319480896,0.4292,0.4269,0.53178,0.4908,0.58342,0.4847,0.66906,0.4854,0.74812,0.488,0.7688,0.4732
23,49,False,0.7748799920082092,0.4700999855995178,0.42878,0.4236,0.52992,0.4861,0.57646,0.4812,0.65116,0.4781,0.72524,0.4843,0.74274,0.4742
23,50,False,0.7792800068855286,0.4691999852657318,0.43092,0.4245,0.53182,0.4909,0.58052,0.4821,0.66044,0.4837,0.73914,0.4787,0.75984,0.4715
23,51,False,0.7859399914741516,0.47290000319480896,0.42782,0.4255,0.53262,0.4925,0.5815,0.4848,0.66564,0.4858,0.75102,0.4839,0.77422,0.4751
23,52,False,0.788100004196167,0.46230000257492065,0.42824,0.424,0.5304,0.491,0.578,0.4842,0.6617,0.4831,0.74058,0.4796,0.75744,0.4681
23,53,False,0.7904000282287598,0.47450000047683716,0.42866,0.4257,0.53088,0.4875,0.58234,0.486,0.66318,0.485,0.74998,0.4808,0.7669,0.4704
23,54,False,0.7931600213050842,0.4708999991416931,0.42822,0.4244,0.53008,0.4922,0.57808,0.4811,0.6654,0.4834,0.75132,0.4864,0.77164,0.4727
23,55,False,0.796720027923584,0.4724000096321106,0.4275,0.4218,0.53028,0.4872,0.58026,0.4787,0.661,0.4858,0.74496,0.4832,0.76656,0.4752
23,56,False,0.8039600253105164,0.4593000113964081,0.4283,0.4263,0.53124,0.486,0.58106,0.4766,0.66856,0.4845,0.75238,0.4789,0.776,0.47
23,57,False,0.799340009689331,0.4717999994754791,0.4276,0.4253,0.53254,0.4897,0.5817,0.4831,0.6715,0.4839,0.76658,0.4848,0.79084,0.4764
23,58,False,0.8078799843788147,0.47450000047683716,0.42668,0.4235,0.53148,0.4931,0.58498,0.483,0.6739,0.4843,0.76856,0.4834,0.79214,0.4753
23,59,False,0.8059200048446655,0.46959999203681946,0.42786,0.425,0.53202,0.4893,0.58328,0.4845,0.67216,0.4874,0.76556,0.4845,0.79346,0.4722
23,60,False,0.8170599937438965,0.46939998865127563,0.42694,0.4231,0.53204,0.4898,0.58486,0.4874,0.67808,0.4848,0.7743,0.4837,0.8046,0.4732
23,61,False,0.8184000253677368,0.4634999930858612,0.42788,0.4246,0.52956,0.49,0.58096,0.4824,0.66838,0.485,0.75532,0.4814,0.7816,0.4695
23,62,False,0.8190799951553345,0.4722000062465668,0.42954,0.4243,0.52886,0.4866,0.58118,0.4802,0.67002,0.4815,0.76716,0.4814,0.79722,0.4701
23,63,False,0.8162999749183655,0.47690001130104065,0.42896,0.4252,0.53104,0.4895,0.58446,0.4834,0.6803,0.4769,0.77854,0.4837,0.81252,0.4739
23,64,False,0.8192999958992004,0.46950000524520874,0.42766,0.4245,0.531,0.4907,0.58208,0.4869,0.678,0.4823,0.77704,0.484,0.80888,0.4721
23,65,False,0.8236200213432312,0.45190000534057617,0.42536,0.4214,0.52992,0.4874,0.5793,0.4836,0.66644,0.4833,0.75416,0.475,0.77394,0.4641
23,66,False,0.8316799998283386,0.47099998593330383,0.42794,0.4249,0.53086,0.4906,0.5842,0.4856,0.6825,0.4862,0.78242,0.4819,0.81718,0.4734
23,67,False,0.8343200087547302,0.46939998865127563,0.4271,0.4246,0.52872,0.4874,0.58182,0.4798,0.6726,0.4761,0.76754,0.4803,0.80084,0.4675
23,68,False,0.8291199803352356,0.4577000141143799,0.42708,0.4243,0.53028,0.4889,0.58058,0.4802,0.67112,0.476,0.76722,0.4795,0.7936,0.4655
23,69,False,0.8313999772071838,0.4652999937534332,0.42884,0.4242,0.5318,0.488,0.58298,0.4805,0.67724,0.4818,0.77618,0.4751,0.80648,0.4703
23,70,False,0.8367800116539001,0.4666999876499176,0.42604,0.4199,0.53066,0.4913,0.5865,0.4855,0.68398,0.482,0.7913,0.4818,0.82164,0.4667
23,71,False,0.8410599827766418,0.460099995136261,0.4248,0.4227,0.53056,0.4866,0.58208,0.4793,0.67134,0.4771,0.77308,0.4801,0.80476,0.4665
23,72,False,0.8395199775695801,0.47110000252723694,0.42806,0.4259,0.5322,0.4894,0.58426,0.4838,0.68396,0.4829,0.78858,0.4822,0.82092,0.4722
23,73,False,0.8456599712371826,0.4575999975204468,0.4269,0.4237,0.52858,0.4854,0.57968,0.4825,0.67058,0.4782,0.7681,0.475,0.79644,0.4617
23,74,False,0.8408200144767761,0.4641000032424927,0.42714,0.4215,0.53066,0.4901,0.58294,0.4804,0.67982,0.4808,0.78214,0.4791,0.81872,0.4679
23,75,False,0.8489800095558167,0.4690999984741211,0.42746,0.4228,0.52922,0.4893,0.58324,0.484,0.677,0.484,0.77744,0.4796,0.80714,0.4671
23,76,False,0.8499600291252136,0.4677000045776367,0.42644,0.4223,0.531,0.4893,0.58434,0.4833,0.68406,0.4769,0.79058,0.477,0.82802,0.4664
23,77,False,0.851419985294342,0.45840001106262207,0.42802,0.422,0.52942,0.4915,0.58178,0.4828,0.67872,0.479,0.77608,0.4793,0.80996,0.4644
23,78,False,0.8489400148391724,0.4593000113964081,0.42536,0.4231,0.52964,0.4916,0.58434,0.4793,0.68466,0.4763,0.79662,0.4722,0.83512,0.4647
23,79,False,0.8570799827575684,0.46399998664855957,0.42572,0.4203,0.52908,0.4901,0.58266,0.4818,0.67832,0.4774,0.77914,0.475,0.81054,0.4637
23,80,False,0.8486800193786621,0.4616999924182892,0.42652,0.4232,0.53142,0.4903,0.5803,0.4799,0.68138,0.4755,0.78488,0.4767,0.81834,0.468
23,81,False,0.8547000288963318,0.4609000086784363,0.42652,0.4224,0.53112,0.4894,0.58488,0.4761,0.68206,0.4784,0.7881,0.473,0.82042,0.4626
23,82,False,0.8647400140762329,0.4603999853134155,0.42502,0.4244,0.5299,0.488,0.58542,0.4842,0.68526,0.4798,0.79916,0.4742,0.83742,0.464
23,83,False,0.860260009765625,0.4666000008583069,0.4274,0.4235,0.52848,0.4884,0.58658,0.4779,0.6858,0.4795,0.79978,0.4756,0.83644,0.4706
23,84,False,0.8672800064086914,0.4577000141143799,0.42668,0.4219,0.52808,0.4924,0.57926,0.4831,0.67078,0.4788,0.76844,0.4733,0.7997,0.4665
23,85,False,0.8594200015068054,0.4593999981880188,0.42786,0.4226,0.53152,0.4905,0.58358,0.4791,0.68012,0.4818,0.78536,0.4754,0.82208,0.4656
23,86,False,0.8631799817085266,0.4562000036239624,0.42736,0.4238,0.52848,0.4893,0.58342,0.4746,0.6791,0.4796,0.7847,0.4739,0.82022,0.4639
23,87,False,0.864579975605011,0.46309998631477356,0.42718,0.4237,0.52986,0.4868,0.58406,0.4849,0.68142,0.4798,0.79086,0.4806,0.82682,0.4666
23,88,False,0.8631399869918823,0.45509999990463257,0.4269,0.4264,0.5284,0.4868,0.58426,0.4817,0.6802,0.4819,0.79052,0.4747,0.8301,0.4584
23,89,False,0.8714399933815002,0.4659000039100647,0.4267,0.4222,0.52998,0.4876,0.58596,0.4824,0.68484,0.4824,0.80032,0.4786,0.84252,0.464
23,90,False,0.8771399855613708,0.4643000066280365,0.42614,0.4233,0.53122,0.4868,0.58546,0.4791,0.68806,0.4795,0.80576,0.4744,0.8518,0.4624
23,91,False,0.8630599975585938,0.45879998803138733,0.42722,0.4258,0.52962,0.4873,0.58198,0.4808,0.685,0.4761,0.80248,0.4721,0.84328,0.4606
23,92,False,0.8705199956893921,0.4611000120639801,0.42692,0.4228,0.52932,0.4871,0.58308,0.4813,0.68492,0.4792,0.7999,0.4692,0.84198,0.461
23,93,False,0.8775200247764587,0.46209999918937683,0.42586,0.4248,0.52892,0.4891,0.5834,0.478,0.68426,0.4844,0.80358,0.4755,0.84814,0.4634
23,94,False,0.8744999766349792,0.45019999146461487,0.4278,0.4236,0.52974,0.4882,0.58126,0.4788,0.6776,0.4797,0.78942,0.4742,0.8283,0.4536
23,95,False,0.8767799735069275,0.4584999978542328,0.4269,0.4241,0.52862,0.4866,0.57966,0.4827,0.67514,0.4829,0.78444,0.4788,0.81704,0.463
23,96,False,0.8731600046157837,0.4636000096797943,0.4272,0.4238,0.5304,0.4876,0.58644,0.4814,0.69192,0.483,0.81518,0.4782,0.8602,0.4604
23,97,False,0.8768799901008606,0.4652999937534332,0.4266,0.4245,0.53028,0.4888,0.5851,0.4843,0.69138,0.4794,0.81406,0.48,0.85932,0.4653
23,98,False,0.8829200267791748,0.4593000113964081,0.4262,0.4237,0.53102,0.489,0.58442,0.4818,0.68484,0.481,0.80432,0.4781,0.84716,0.4611
23,99,False,0.8799800276756287,0.46050000190734863,0.42696,0.4253,0.53004,0.4886,0.57976,0.4807,0.67924,0.4776,0.79166,0.4792,0.83306,0.4611
23,100,False,0.8802000284194946,0.4551999866962433,0.42626,0.4245,0.5309,0.4881,0.58558,0.4817,0.69174,0.4821,0.80998,0.4762,0.85356,0.4584
24,0,False,0.08219999819993973,0.08410000056028366,0.394,0.3831,0.41608,0.4001,0.37756,0.368,0.3656,0.3613,0.3849,0.3642,0.35098,0.3413
24,1,False,0.29875999689102173,0.36880001425743103,0.37628,0.3805,0.43144,0.4257,0.3979,0.4011,0.39934,0.3963,0.40662,0.3997,0.39044,0.3882
24,2,False,0.3697800040245056,0.38350000977516174,0.39866,0.3979,0.45646,0.4442,0.43486,0.4308,0.4358,0.4314,0.44106,0.4297,0.42824,0.4281
24,3,False,0.40268000960350037,0.4203000068664551,0.40842,0.4081,0.46584,0.4565,0.44938,0.4426,0.45238,0.445,0.46104,0.4526,0.44932,0.4448
24,4,False,0.4290199875831604,0.41780000925064087,0.4158,0.4114,0.47968,0.4685,0.46366,0.4562,0.46938,0.4606,0.47666,0.4647,0.46584,0.4589
24,5,False,0.4474399983882904,0.43939998745918274,0.4218,0.4175,0.48694,0.4685,0.47468,0.4668,0.4874,0.4687,0.49344,0.4748,0.48654,0.4706
24,6,False,0.46187999844551086,0.44609999656677246,0.4245,0.4163,0.49238,0.4726,0.479,0.4621,0.4877,0.4691,0.49642,0.4748,0.48634,0.4691
24,7,False,0.47095999121665955,0.45899999141693115,0.42708,0.4226,0.50098,0.4782,0.49812,0.4776,0.50928,0.4816,0.51888,0.4854,0.5089,0.4796
24,8,False,0.4802199900150299,0.4797999858856201,0.42882,0.4208,0.50492,0.4801,0.50284,0.4774,0.5186,0.4888,0.5276,0.4911,0.51996,0.4881
24,9,False,0.49140000343322754,0.4781999886035919,0.42828,0.4254,0.50822,0.4866,0.50782,0.4839,0.52168,0.4877,0.5328,0.4923,0.5277,0.4952
24,10,False,0.5014600157737732,0.4828000068664551,0.43036,0.4276,0.51416,0.4836,0.51884,0.482,0.53384,0.4889,0.54716,0.4967,0.54142,0.4939
24,11,False,0.5105999708175659,0.4860000014305115,0.43336,0.4293,0.51674,0.4907,0.5244,0.487,0.54288,0.4956,0.55458,0.4961,0.5483,0.4976
24,12,False,0.516539990901947,0.4871000051498413,0.43302,0.4248,0.518,0.4883,0.53028,0.4897,0.5488,0.4934,0.56276,0.4988,0.5563,0.4975
24,13,False,0.5248799920082092,0.48410001397132874,0.4315,0.4262,0.51966,0.4897,0.52678,0.4867,0.54492,0.4895,0.55726,0.494,0.55226,0.4917
24,14,False,0.532039999961853,0.4936999976634979,0.433,0.4261,0.5217,0.4893,0.52958,0.4935,0.55412,0.4982,0.56944,0.5001,0.56256,0.5014
24,15,False,0.5409600138664246,0.4893999993801117,0.43254,0.4273,0.52224,0.4848,0.53724,0.4919,0.56178,0.5014,0.57604,0.5023,0.57306,0.4967
24,16,False,0.5495399832725525,0.4844000041484833,0.43474,0.4276,0.52386,0.4897,0.54086,0.495,0.56242,0.4958,0.57898,0.4989,0.57278,0.4955
24,17,False,0.5598599910736084,0.492900013923645,0.4345,0.4269,0.52554,0.4931,0.54156,0.4917,0.572,0.4981,0.59124,0.507,0.58932,0.5027
24,18,False,0.5675399899482727,0.47859999537467957,0.43528,0.4279,0.5253,0.4885,0.54342,0.4953,0.57282,0.4996,0.58676,0.4966,0.5788,0.4936
24,19,False,0.5748800039291382,0.49309998750686646,0.4337,0.432,0.52672,0.4946,0.55328,0.4967,0.58884,0.5021,0.61246,0.5054,0.61016,0.5018
24,20,False,0.5833600163459778,0.4876999855041504,0.43266,0.4276,0.52964,0.4952,0.55324,0.4964,0.5898,0.4985,0.61422,0.5036,0.61274,0.5004
24,21,False,0.5888400077819824,0.48489999771118164,0.43646,0.4305,0.52996,0.4943,0.55368,0.4966,0.5885,0.4984,0.6152,0.4985,0.61206,0.4973
24,22,False,0.6000000238418579,0.49889999628067017,0.4347,0.4279,0.53228,0.4915,0.5616,0.496,0.60438,0.5017,0.63364,0.5025,0.63282,0.4999
24,23,False,0.6107800006866455,0.5016999840736389,0.43336,0.4303,0.5336,0.4965,0.56642,0.4968,0.61088,0.4986,0.64214,0.4995,0.64476,0.5058
24,24,False,0.6154599785804749,0.49059998989105225,0.43432,0.4286,0.5325,0.4961,0.56326,0.4964,0.60944,0.4982,0.64166,0.5001,0.64146,0.4995
24,25,False,0.6227999925613403,0.4893999993801117,0.43552,0.43,0.53492,0.4935,0.56526,0.493,0.61238,0.4964,0.64874,0.4998,0.64992,0.4978
24,26,False,0.6316400170326233,0.48660001158714294,0.43614,0.4299,0.52916,0.4907,0.5588,0.4908,0.60746,0.4914,0.63838,0.4925,0.63792,0.4931
24,27,False,0.635919988155365,0.4790000021457672,0.43336,0.4257,0.53208,0.4967,0.56306,0.4938,0.61466,0.4911,0.64986,0.4868,0.65226,0.4853
24,28,False,0.6517599821090698,0.4943000078201294,0.4329,0.4281,0.53234,0.4944,0.56824,0.4968,0.62628,0.4942,0.66626,0.4974,0.66988,0.4978
24,29,False,0.6549800038337708,0.4837999939918518,0.43652,0.4304,0.53432,0.4973,0.5726,0.4927,0.6315,0.4972,0.6731,0.4951,0.67794,0.4951
24,30,False,0.6625800132751465,0.4864000082015991,0.43468,0.43,0.53532,0.4965,0.57676,0.4921,0.63806,0.4985,0.68532,0.4933,0.693,0.4924
24,31,False,0.673259973526001,0.48489999771118164,0.4345,0.4283,0.5325,0.4949,0.56812,0.4926,0.62726,0.498,0.67146,0.4951,0.67356,0.4907
24,32,False,0.6799799799919128,0.48420000076293945,0.43398,0.4275,0.5333,0.494,0.57658,0.4901,0.64166,0.4928,0.6907,0.4895,0.69914,0.4878
24,33,False,0.6883999705314636,0.48669999837875366,0.43422,0.4273,0.5332,0.491,0.57594,0.4873,0.6408,0.4921,0.69214,0.4856,0.70134,0.4811
24,34,False,0.6915000081062317,0.4839000105857849,0.4334,0.4294,0.53324,0.4936,0.57404,0.4888,0.63354,0.4903,0.68544,0.4938,0.69272,0.4864
24,35,False,0.7007200121879578,0.4778999984264374,0.43582,0.4304,0.53454,0.4959,0.58194,0.4937,0.65008,0.4942,0.70388,0.494,0.71364,0.4857
24,36,False,0.7087200284004211,0.4803999960422516,0.4346,0.4289,0.53616,0.4963,0.57734,0.4901,0.64452,0.4915,0.6953,0.4928,0.70404,0.4851
24,37,False,0.7122399806976318,0.47429999709129333,0.4365,0.4303,0.53308,0.4922,0.5729,0.4884,0.63748,0.4911,0.69326,0.4936,0.70068,0.4813
24,38,False,0.7212799787521362,0.48260000348091125,0.43428,0.4275,0.5331,0.4965,0.58238,0.4847,0.65802,0.4914,0.71908,0.4856,0.73306,0.4831
24,39,False,0.7288200259208679,0.4799000024795532,0.43398,0.4263,0.53772,0.4961,0.582,0.4914,0.65704,0.4948,0.72228,0.4906,0.73436,0.487
24,40,False,0.7394199967384338,0.4844000041484833,0.43372,0.4282,0.53574,0.4961,0.58426,0.4898,0.6627,0.4915,0.73112,0.4901,0.75068,0.4871
24,41,False,0.736240029335022,0.47859999537467957,0.43348,0.4297,0.53454,0.495,0.57934,0.4899,0.65602,0.4868,0.72662,0.4857,0.7428,0.4817
24,42,False,0.7479599714279175,0.47189998626708984,0.4348,0.429,0.53264,0.494,0.58158,0.4883,0.65728,0.4846,0.72622,0.4855,0.74034,0.4774
24,43,False,0.7477200031280518,0.4740000069141388,0.43474,0.4282,0.53514,0.4953,0.58336,0.491,0.65756,0.4829,0.72878,0.4827,0.74256,0.4777
24,44,False,0.7543799877166748,0.47510001063346863,0.43392,0.4292,0.53368,0.4922,0.57886,0.4909,0.65782,0.4893,0.728,0.4888,0.74176,0.4775
24,45,False,0.7605599761009216,0.46299999952316284,0.43444,0.4277,0.53382,0.496,0.58074,0.4885,0.65382,0.49,0.72472,0.4813,0.74126,0.4675
24,46,False,0.7686799764633179,0.4675000011920929,0.43454,0.4293,0.53412,0.4961,0.58818,0.4925,0.66834,0.4858,0.74434,0.4844,0.76376,0.4778
24,47,False,0.7775400280952454,0.4706000089645386,0.43392,0.4282,0.53484,0.4932,0.58516,0.4914,0.66526,0.4841,0.74398,0.4831,0.76398,0.4704
24,48,False,0.7764999866485596,0.4731000065803528,0.43458,0.4283,0.53426,0.495,0.58422,0.4874,0.6661,0.489,0.74566,0.4841,0.76778,0.4728
24,49,False,0.7801399827003479,0.47510001063346863,0.43454,0.4292,0.5342,0.4943,0.58438,0.4895,0.6637,0.4899,0.74726,0.4873,0.76844,0.4799
24,50,False,0.78302001953125,0.4571000039577484,0.43288,0.4269,0.53078,0.4943,0.57926,0.4843,0.65396,0.4828,0.72958,0.4791,0.74362,0.4669
24,51,False,0.7915800213813782,0.47209998965263367,0.43408,0.4295,0.53534,0.496,0.58558,0.49,0.67114,0.489,0.76026,0.487,0.7791,0.4784
24,52,False,0.7884399890899658,0.46779999136924744,0.43358,0.4292,0.532,0.4956,0.58582,0.4903,0.66584,0.488,0.74878,0.4845,0.7726,0.4764
24,53,False,0.7985799908638,0.4668000042438507,0.43484,0.4274,0.53394,0.4967,0.5865,0.4873,0.67716,0.4859,0.76598,0.4815,0.79284,0.4744
24,54,False,0.7983400225639343,0.46790000796318054,0.43414,0.4289,0.53278,0.4939,0.586,0.4881,0.673,0.4874,0.76476,0.4829,0.7932,0.4737
24,55,False,0.8020399808883667,0.47380000352859497,0.43396,0.43,0.53486,0.4954,0.58804,0.4892,0.67846,0.4872,0.77046,0.4853,0.79954,0.4742
24,56,False,0.8029000163078308,0.46810001134872437,0.43372,0.4319,0.53354,0.4941,0.58824,0.4824,0.67216,0.4859,0.76334,0.4877,0.79174,0.4677
24,57,False,0.8109400272369385,0.46549999713897705,0.4335,0.4299,0.5339,0.4945,0.5884,0.489,0.67308,0.4862,0.76116,0.4833,0.79194,0.4686
24,58,False,0.8110600113868713,0.47029998898506165,0.43428,0.4317,0.53456,0.4961,0.59024,0.4881,0.68476,0.4874,0.78408,0.4825,0.81582,0.4752
24,59,False,0.8179200291633606,0.4683000147342682,0.43352,0.4276,0.53332,0.4968,0.58832,0.4921,0.67798,0.4893,0.77568,0.4804,0.80274,0.4658
24,60,False,0.8187199831008911,0.47029998898506165,0.43356,0.4327,0.533,0.4942,0.58696,0.4857,0.67446,0.4905,0.77266,0.4834,0.802,0.4729
24,61,False,0.8251199722290039,0.4632999897003174,0.43446,0.4304,0.53576,0.4937,0.58714,0.487,0.67944,0.4859,0.77342,0.4783,0.80276,0.4683
24,62,False,0.8215600252151489,0.4681999981403351,0.4345,0.4309,0.53416,0.4934,0.58364,0.4925,0.67378,0.4888,0.76568,0.4832,0.79428,0.4689
24,63,False,0.8293600082397461,0.46790000796318054,0.43334,0.4287,0.53558,0.4954,0.58464,0.4869,0.67312,0.4883,0.76708,0.4825,0.79612,0.468
24,64,False,0.8330399990081787,0.4632999897003174,0.43264,0.4295,0.53334,0.491,0.58568,0.4844,0.67746,0.4848,0.77284,0.48,0.80372,0.4655
24,65,False,0.8266400098800659,0.46459999680519104,0.43368,0.4297,0.53224,0.4963,0.58654,0.4886,0.67132,0.4878,0.76534,0.4845,0.79248,0.47
24,66,False,0.8341599702835083,0.46480000019073486,0.43394,0.4275,0.53364,0.4937,0.5849,0.482,0.67064,0.485,0.76554,0.479,0.79482,0.4709
24,67,False,0.8471199870109558,0.46650001406669617,0.43452,0.4292,0.53384,0.4935,0.5877,0.4818,0.68204,0.4861,0.7824,0.4759,0.81842,0.4656
24,68,False,0.8436400294303894,0.4674000144004822,0.43376,0.4294,0.53326,0.4957,0.58804,0.4891,0.68106,0.4876,0.78462,0.4804,0.81944,0.4716
24,69,False,0.8400599956512451,0.4523000121116638,0.43408,0.4286,0.53122,0.4942,0.5821,0.4847,0.66616,0.4781,0.75686,0.4695,0.7812,0.454
24,70,False,0.8402400016784668,0.4700999855995178,0.43424,0.4291,0.53506,0.4952,0.59406,0.4865,0.6946,0.4852,0.80726,0.4773,0.84856,0.4664
24,71,False,0.8487399816513062,0.46239998936653137,0.4337,0.4304,0.53508,0.4934,0.5909,0.4881,0.6846,0.4874,0.7905,0.4874,0.82584,0.4628
24,72,False,0.8514000177383423,0.4634999930858612,0.43286,0.4303,0.5322,0.4936,0.58246,0.4824,0.67284,0.4863,0.77156,0.4816,0.8042,0.463
24,73,False,0.848800003528595,0.45989999175071716,0.43366,0.4302,0.53316,0.4959,0.58634,0.4884,0.67556,0.4809,0.7746,0.4774,0.8066,0.4667
24,74,False,0.8501399755477905,0.4666999876499176,0.4337,0.4313,0.53266,0.495,0.58872,0.4835,0.68182,0.4895,0.78992,0.4784,0.82938,0.4659
24,75,False,0.8547599911689758,0.461899995803833,0.43354,0.4306,0.53254,0.4923,0.59008,0.4864,0.6851,0.4845,0.7966,0.4824,0.83484,0.4591
24,76,False,0.8595600128173828,0.4593999981880188,0.43278,0.4314,0.53118,0.4926,0.5885,0.4855,0.6779,0.4846,0.78358,0.477,0.81586,0.4621
24,77,False,0.8535400032997131,0.4553000032901764,0.43256,0.4299,0.53222,0.4934,0.586,0.4797,0.67942,0.4847,0.78718,0.4755,0.82314,0.4612
24,78,False,0.8541600108146667,0.4634999930858612,0.4337,0.4294,0.53208,0.4885,0.58822,0.4834,0.68706,0.4865,0.79712,0.4808,0.83488,0.4638
24,79,False,0.8622000217437744,0.460099995136261,0.43206,0.4273,0.53172,0.4951,0.59098,0.481,0.68816,0.4846,0.79652,0.4797,0.8342,0.4557
24,80,False,0.862500011920929,0.45329999923706055,0.43232,0.4294,0.53472,0.4937,0.59058,0.4823,0.69194,0.4843,0.80586,0.472,0.84804,0.4586
24,81,False,0.8657400012016296,0.4596000015735626,0.43118,0.4288,0.53212,0.4924,0.58562,0.4849,0.67632,0.4825,0.78298,0.4766,0.81684,0.4598
24,82,False,0.8673200011253357,0.4542999863624573,0.43372,0.4309,0.53322,0.4921,0.59098,0.4826,0.68986,0.4834,0.80156,0.4763,0.83902,0.4563
24,83,False,0.8684800267219543,0.46140000224113464,0.43352,0.4266,0.53258,0.4919,0.59236,0.4839,0.69062,0.4903,0.80798,0.481,0.8465,0.4622
24,84,False,0.8627399802207947,0.45739999413490295,0.43332,0.4302,0.5313,0.4914,0.59042,0.4875,0.68786,0.4855,0.79996,0.4748,0.8394,0.4536
24,85,False,0.8715199828147888,0.45910000801086426,0.43338,0.4298,0.53368,0.4941,0.5896,0.491,0.68292,0.4912,0.79664,0.4712,0.83542,0.4557
24,86,False,0.8718400001525879,0.4616999924182892,0.4318,0.4281,0.5329,0.4944,0.58764,0.4855,0.68282,0.4857,0.7912,0.4796,0.83502,0.4657
24,87,False,0.8713200092315674,0.46149998903274536,0.43304,0.4275,0.53214,0.4908,0.59076,0.4866,0.69198,0.4804,0.81168,0.4766,0.86056,0.4628
24,88,False,0.8731399774551392,0.46320000290870667,0.43308,0.4309,0.53148,0.4927,0.59202,0.4872,0.69326,0.4865,0.81712,0.4812,0.8617,0.4626
24,89,False,0.870199978351593,0.45559999346733093,0.43338,0.4302,0.53404,0.494,0.59008,0.4843,0.68324,0.4863,0.793,0.4714,0.83632,0.4599
24,90,False,0.8769599795341492,0.460999995470047,0.43328,0.429,0.53364,0.4921,0.58764,0.482,0.69204,0.484,0.80354,0.4821,0.84816,0.4589
24,91,False,0.8782600164413452,0.45910000801086426,0.4327,0.4293,0.53314,0.4919,0.58878,0.4823,0.68552,0.4831,0.80004,0.4775,0.8463,0.4525
24,92,False,0.883679986000061,0.4627000093460083,0.43266,0.4294,0.53234,0.4907,0.58814,0.4802,0.68898,0.48,0.81,0.4698,0.85548,0.4595
24,93,False,0.8805400133132935,0.4578000009059906,0.43274,0.431,0.53176,0.4902,0.59134,0.4832,0.69286,0.4829,0.8137,0.4672,0.8562,0.4512
24,94,False,0.8772600293159485,0.45969998836517334,0.4321,0.4273,0.5308,0.4901,0.58972,0.4808,0.6901,0.4806,0.81052,0.4709,0.85936,0.4553
24,95,False,0.8798999786376953,0.4603999853134155,0.43086,0.4287,0.53114,0.4908,0.58898,0.4855,0.68884,0.4815,0.81116,0.473,0.85796,0.4591
24,96,False,0.8853399753570557,0.4611999988555908,0.43198,0.4302,0.53396,0.4935,0.59332,0.4846,0.69598,0.4844,0.82042,0.4744,0.87222,0.4582
24,97,False,0.8853999972343445,0.4562999904155731,0.43284,0.4301,0.53358,0.4928,0.58844,0.4834,0.694,0.4813,0.8175,0.4717,0.8678,0.4583
24,98,False,0.8883799910545349,0.4603999853134155,0.43192,0.429,0.53442,0.4939,0.58878,0.4842,0.69078,0.4847,0.81224,0.473,0.86114,0.4572
24,99,False,0.8872600197792053,0.4684000015258789,0.4325,0.4288,0.53364,0.4951,0.58942,0.4861,0.69496,0.4879,0.81928,0.4744,0.86906,0.4604
24,100,False,0.8870599865913391,0.46070000529289246,0.43216,0.4277,0.53336,0.4957,0.5876,0.4834,0.68584,0.4898,0.80462,0.4792,0.8563,0.457
